2.5 27111.48151
2.52 27110.72584
2.54 27109.966593
2.56 27109.213641
2.58 27108.466908
2.6 27107.726323
2.62 27107.001499
2.64 27106.272793
2.66 27105.55004
2.68 27104.833172
2.7 27104.122121
2.72 27103.416814
2.74 27102.726641
2.76 27102.032222
2.78 27101.341084
2.8 27098.63663
2.82 27096.78501
2.84 27094.013862
2.86 27093.369171
2.88 27087.934628
2.9 27081.570079
2.92 27078.22887
2.94 27074.911778
2.96 27071.627896
2.98 27068.358182
3 27065.111983
3.02 27061.889262
3.04 27058.694197
3.06 27057.841108
3.08 27057.415049
3.1 27056.983457
3.12 27056.555339
3.14 27056.130607
3.16 27055.709211
3.18 27055.29111
3.2 27054.88523
3.22 27054.473419
3.24 27054.064799
3.26 27053.659332
3.28 27052.429498
3.3 27049.934504
3.32 27047.707704
3.34 27047.233722
3.36 27046.854362
3.38 27046.47793
3.4 27046.104395
3.42 27045.742542
3.44 27045.374534
3.46 27045.009339
3.48 27044.64693
3.5 27044.287279
3.52 27043.930359
3.54 27043.584795
3.56 27043.233079
3.58 27042.884016
3.6 27042.537579
3.62 27042.193742
3.64 27041.861138
3.66 27035.358774
3.68 27028.729476
3.7 27022.141828
3.72 27020.882842
3.74 27018.158228
3.76 27017.75601
3.78 27017.543393
3.8 27017.33235
3.82 27017.122791
3.84 27016.913729
3.86 27014.959557
3.88 27014.763792
3.9 27014.564092
3.92 27014.365891
3.94 27014.169167
3.96 27013.973903
3.98 27013.788463
4 27013.595913
4.02 27013.404784
4.04 27013.215061
4.06 27013.026728
4.08 27007.103658
4.1 27000.87915
4.12 26999.425303
4.14 26997.547767
4.16 26996.693849
4.18 26996.590755
4.2 26996.496686
4.22 26996.394973
4.24 26996.294014
4.26 26996.193801
4.28 26996.094326
4.3 26995.995581
4.32 26995.905664
4.34 26995.808206
4.36 26995.711458
4.38 26995.615414
4.4 26995.520066
4.42 26995.425407
4.44 26995.339394
4.46 26993.669812
4.48 26993.580184
4.5 26990.264128
4.52 26985.50198
4.54 26985.468217
4.56 26985.42664
4.58 26985.38537
4.6 26985.344402
4.62 26985.303724
4.64 26984.325088
4.66 26982.732376
4.68 26982.695768
4.7 26982.659442
4.72 26982.623393
4.74 26982.587616
4.76 26982.55211
4.78 26982.524593
4.8 26982.489478
4.82 26982.454629
4.84 26981.669557
4.86 26981.637588
4.88 26979.09258
4.9 26979.081082
4.92 26979.069657
4.94 26979.058304
4.96 26979.047022
4.98 26979.035809
5 26979.032276
5.02 26979.021065
5.04 26979.009924
5.06 26978.998851
5.08 26978.987846
5.1 26978.976908
5.12 26978.973525
5.14 26978.962586
5.16 26978.951714
5.18 26978.940907
5.2 26976.673704
5.22 26976.674484
5.24 26975.851227
5.26 26975.846847
5.28 26973.84099
5.3 26971.663114
5.32 26969.497545
5.34 26967.351576
5.36 26965.210222
5.38 26963.080909
5.4 26960.963547
5.42 26958.858051
5.44 26956.764332
5.46 26954.689578
5.48 26952.619036
5.5 26950.560021
5.52 26948.512448
5.54 26946.476236
5.56 26944.458585
5.58 26942.444725
5.6 26940.441984
5.62 26938.45028
5.64 26936.469529
5.66 26934.499643
5.68 26932.547689
5.7 26930.599002
5.72 26926.93045
5.74 26922.071913
5.76 26917.408605
5.78 26913.003819
5.8 26908.718919
5.82 26904.38826
5.84 26899.958379
5.86 26895.441653
5.88 26890.862893
5.9 26886.250754
5.92 26881.60725
5.94 26876.951235
5.96 26872.291108
5.98 26867.632945
6 26862.981192
6.02 26858.346106
6.04 26853.716141
6.06 26849.100314
6.08 26844.847387
6.1 26843.272867
6.12 26841.715258
6.14 26840.158903
6.16 26838.6108
6.18 26837.070882
6.2 26835.539089
6.22 26834.015364
6.24 26832.506532
6.26 26830.998664
6.28 26829.498698
6.3 26828.006579
6.32 26826.522255
6.86 38968.607856
6.88 38880.742022
6.9 38866.66393
6.92 38645.742905
6.94 38369.336324
6.96 38114.306945
6.98 37854.751001
7 37616.736187
7.02 37376.699011
7.04 37143.872945
7.06 36934.218837
7.08 36825.083552
7.1 36789.579276
7.12 36596.931538
7.14 36402.555338
7.16 36212.756063
7.18 36027.588349
7.2 35847.227539
7.22 35675.177921
7.24 35629.079529
7.26 35624.572862
7.28 35484.406515
7.3 35312.2282
7.32 35143.804789
7.34 34979.020832
7.36 34817.84609
7.38 34660.209409
7.4 34506.038927
7.42 34355.305058
7.44 34238.708995
7.46 34097.774855
7.48 33956.798935
7.5 33818.830169
7.52 33683.855218
7.54 33551.843451
7.56 33422.667722
7.58 33296.304353
7.6 33172.724255
7.62 33052.045124
7.64 32938.632346
7.66 32857.326631
7.68 32782.052354
7.7 32709.15276
7.72 32664.488605
7.74 32664.138655
7.76 32610.520232
7.78 32509.047454
7.8 32409.975053
7.82 32313.516026
7.84 32226.922819
7.86 32134.604465
7.88 32044.454731
7.9 31956.356053
7.92 31870.280899
7.94 31786.173706
7.96 31703.980787
7.98 31623.678425
8 31545.157997
8.02 31480.422503
8.04 31405.296271
8.06 31331.84035
8.08 31260.009667
8.1 31189.787031
8.12 31121.075
8.14 31053.86072
8.16 30988.104305
8.18 30926.386331
8.2 30897.557489
8.22 30882.116636
8.24 30882.043593
8.26 30823.888924
8.28 30777.12811
8.3 30712.202363
8.32 30645.61471
8.34 30579.936384
8.36 30515.463833
8.38 30452.516808
8.4 30394.197435
8.42 30356.35082
8.44 30330.44816
8.46 30307.998781
8.48 30287.066568
8.5 30246.724022
8.52 30195.990704
8.54 30154.471631
8.56 30141.76938
8.58 30129.401443
8.6 30117.358749
8.62 30105.611757
8.64 30094.118325
8.66 30082.804323
8.68 30071.168318
8.7 30039.706855
8.72 29990.651476
8.74 29940.890744
8.76 29891.584935
8.78 29843.333763
8.8 29797.110233
8.82 29759.917555
8.84 29734.878378
8.86 29721.479171
8.88 29711.494429
8.9 29702.628839
8.92 29688.475421
8.94 29653.501575
8.96 29619.146983
8.98 29585.398014
9 29558.216353
9.02 29525.606332
9.04 29493.563429
9.06 29462.075373
9.08 29440.005011
9.1 29409.542667
9.12 29402.67044
9.14 29381.931358
9.16 29348.481213
9.18 29315.547986
9.2 29301.037903
9.22 29296.459048
9.24 29274.429255
9.26 29239.671512
9.28 29204.113827
9.3 29170.351539
9.32 29142.689298
9.34 29111.965313
9.36 29082.111187
9.38 29069.403318
9.4 29066.717916
9.42 29065.704952
9.44 29065.119136
9.46 29064.699163
9.48 29064.308054
9.5 29063.893348
9.52 29063.368173
9.54 29062.533064
9.56 29060.614604
9.58 29047.971156
9.6 29016.727561
9.62 28984.765162
9.64 28953.020094
9.66 28921.679281
9.68 28890.896281
9.7 28860.834205
9.72 28831.947858
9.74 28805.284248
9.76 28780.260301
9.78 28752.088109
9.8 28723.242188
9.82 28694.580308
9.84 28666.292642
9.86 28638.478244
9.88 28611.292865
9.9 28585.162784
9.92 28561.527822
9.94 28545.346349
9.96 28538.96383
9.98 28536.553037
10 28535.303324
10.02 28534.480908
10.04 28533.819555
10.06 28529.16978
10.08 28509.592551
10.1 28490.26429
10.12 28471.184313
10.14 28452.364959
10.16 28433.769301
10.18 28415.410321
10.2 28397.28423
10.22 28379.387307
10.24 28361.732166
10.26 28344.282098
10.28 28327.050484
10.3 28310.033883
10.32 28293.228926
10.34 28276.632309
10.36 28260.256518
10.38 28244.06638
10.4 28228.075064
10.42 28212.278998
10.44 28196.673953
10.46 28181.274464
10.48 28166.046294
10.5 28150.992561
10.52 28130.398159
10.54 28110.001709
10.56 28099.745702
10.58 28089.638088
10.6 28078.455912
10.62 28064.464658
10.64 28053.895328
10.66 28044.302078
10.68 28034.83025
10.7 28025.492327
10.72 28016.256263
10.74 28007.135484
10.76 27998.128147
10.78 27989.232451
10.8 27980.461464
10.82 27971.783281
10.84 27963.211555
10.86 27954.74462
10.88 27946.380841
10.9 27938.118615
10.92 27929.970749
10.94 27921.906453
10.96 27913.939085
10.98 27906.067157
11 27898.289203
11.02 27887.066491
11.04 27879.275383
11.06 27870.292901
11.08 27855.032552
11.1 27841.570918
11.12 27831.549476
11.14 27825.755535
11.16 27822.714555
11.18 27820.952562
11.2 27819.769097
11.22 27814.940689
11.24 27808.198375
11.26 27801.546784
11.28 27794.957192
11.3 27788.442531
11.32 27782.001713
11.34 27775.633664
11.36 27769.33733
11.38 27763.124893
11.4 27756.968492
11.42 27750.880764
11.44 27744.860729
11.46 27738.907421
11.48 27733.033146
11.5 27718.289186
11.52 27703.484765
11.54 27688.817528
11.56 27674.289813
11.58 27659.903092
11.6 27645.670902
11.62 27631.569991
11.64 27617.615492
11.66 27603.811278
11.68 27590.163632
11.7 27576.682961
11.72 27563.398099
11.74 27550.318051
11.76 27544.531572
11.78 27535.46999
11.8 27531.331366
11.82 27527.24929
11.84 27523.197551
11.86 27519.188516
11.88 27515.221607
11.9 27511.296254
11.92 27507.411895
11.94 27503.580237
11.96 27499.775871
11.98 27496.010878
12 27492.284736
12.02 27488.596927
12.04 27485.157157
12.06 27484.326771
12.08 27482.398947
12.1 27478.844311
12.12 27475.325632
12.14 27470.221779
12.16 27463.836189
12.18 27460.436721
12.2 27454.077837
12.22 27450.755507
12.24 27447.466305
12.26 27444.20915
12.28 27437.840189
12.3 27431.260171
12.32 27424.740304
12.34 27418.279972
12.36 27411.878511
12.38 27405.546962
12.4 27399.26091
12.42 27393.031726
12.44 27386.858755
12.46 27380.741346
12.48 27374.67886
12.5 27368.682096
12.52 27362.727265
12.54 27356.825494
12.56 27350.976177
12.58 27345.178717
12.6 27339.432525
12.62 27333.748184
12.64 27328.102512
12.66 27322.506418
12.68 27316.959374
12.7 27311.46094
12.72 27306.022463
12.74 27301.701038
12.76 27298.605562
12.78 27293.471707
12.8 27290.376251
12.82 27286.743257
12.84 27284.756275
12.86 27282.776586
12.88 27280.815181
12.9 27278.87184
12.92 27276.946346
12.94 27275.038488
12.96 27273.158738
12.98 27271.285259
13 27269.428803
13.02 27267.589171
13.04 27265.766164
13.06 27263.970296
13.08 27262.179694
13.1 27260.405149
13.12 27258.646472
13.14 27256.903482
13.16 27253.542864
13.18 27244.210731
13.2 27234.937802
13.22 27225.734224
13.24 27216.599457
13.26 27207.532949
13.28 27198.534139
13.3 27189.612636
13.32 27187.449976
13.34 27183.319083
13.36 27181.282002
13.38 27180.046999
13.4 27178.833053
13.42 27177.619251
13.44 27176.415986
13.46 27175.223137
13.48 27174.040588
13.5 27172.868221
13.52 27171.715971
13.54 27170.563393
13.56 27169.420665
13.58 27168.287677
13.6 27167.164321
13.62 27166.050491
13.64 27164.955917
13.66 27163.86059
13.68 27162.774462
13.7 27159.397825
13.72 27157.543836
13.74 27149.350191
13.76 27141.206089
13.78 27133.121291
13.8 27125.095434
13.82 27117.128215
