2.5 27229.5714
2.52 27221.125568
2.54 27212.728421
2.56 27206.544546
2.58 27205.276659
2.6 27200.551901
2.62 27199.324015
2.64 27198.09619
2.66 27196.878185
2.68 27195.66989
2.7 27194.471202
2.72 27193.282014
2.74 27192.111697
2.76 27190.940919
2.78 27189.778875
2.8 27187.587957
2.82 27185.257216
2.84 27184.128333
2.86 27183.017616
2.88 27181.906144
2.9 27180.803328
2.92 27179.709079
2.94 27178.375375
2.96 27170.575522
2.98 27162.818125
3 27155.112247
3.02 27147.457483
3.04 27142.74149
3.06 27139.173608
3.08 27133.841441
3.1 27130.674484
3.12 27128.626997
3.14 27125.91257
3.16 27125.128309
3.18 27124.35149
3.2 27123.589662
3.22 27122.824559
3.24 27122.065257
3.26 27121.311691
3.28 27120.563802
3.3 27119.830514
3.32 27119.09362
3.34 27118.362237
3.36 27117.636309
3.38 27116.915784
3.4 27116.200608
3.42 27115.499536
3.44 27112.776546
3.46 27112.081517
3.48 27105.66248
3.5 27098.652964
3.52 27091.689622
3.54 27084.780971
3.56 27078.340099
3.58 27077.832329
3.6 27077.329011
3.62 27076.829389
3.64 27076.342084
3.66 27075.849546
3.68 27075.360585
3.7 27074.875167
3.72 27074.393258
3.74 27073.914823
3.76 27073.448344
3.78 27072.976592
3.8 27072.508218
3.82 27072.04319
3.84 27071.581477
3.86 27071.123043
3.88 27070.676187
3.9 27067.395443
3.92 27066.86314
3.94 27064.655516
3.96 27064.222962
3.98 27063.801855
4 27063.375244
4.02 27062.951634
4.04 27062.363391
4.06 27059.518782
4.08 27056.691503
4.1 27053.890309
4.12 27051.098483
4.14 27048.324298
4.16 27045.567629
4.18 27042.82838
4.2 27040.114852
4.22 27037.451757
4.24 27037.129149
4.26 27036.846414
4.28 27036.565855
4.3 27036.287281
4.32 27035.868856
4.34 27033.121977
4.36 27031.906507
4.38 27030.868642
4.4 27030.608206
4.42 27030.349569
4.44 27030.10068
4.46 27029.845438
4.48 27029.591947
4.5 27029.340191
4.52 27029.090153
4.54 27028.849803
4.56 27028.603011
4.58 27028.357895
4.6 27028.11444
4.62 27027.87263
4.64 27027.632452
4.66 27027.401742
4.68 27027.09995
4.7 27021.150408
4.72 27015.234667
4.74 27011.443591
4.76 27011.287745
4.78 27008.708178
4.8 27008.559205
4.82 27008.411266
4.84 27008.264324
4.86 27008.118368
4.88 27007.981122
4.9 27007.836966
4.92 27007.693762
4.94 27007.55149
4.96 27007.41009
4.98 27007.268903
5 27005.659467
5.02 27005.44105
5.04 27005.306304
5.06 27005.172463
5.08 27005.039512
5.1 27001.864773
5.12 26996.245786
5.14 26994.77348
5.16 26993.380141
5.18 26992.319798
5.2 26992.246854
5.22 26992.181924
5.24 26992.109852
5.26 26992.038267
5.28 26991.967162
5.3 26991.896532
5.32 26991.826372
5.34 26991.764063
5.36 26991.694703
5.38 26991.625802
5.4 26991.557356
5.42 26991.489361
5.44 26991.421811
5.46 26991.361971
5.48 26989.864447
5.5 26989.800676
5.52 26986.887086
5.54 26983.751461
5.56 26983.728597
5.58 26983.69853
5.6 26983.668664
5.62 26983.638997
5.64 26983.609528
5.66 26983.580254
5.68 26983.558346
5.7 26983.529335
5.72 26983.500513
5.74 26983.306185
5.76 26981.187518
5.78 26981.093371
5.8 26981.06796
5.82 26981.042725
5.84 26981.017666
5.86 26980.348862
5.88 26980.325991
5.9 26978.628071
5.92 26978.618552
5.94 26978.609084
5.96 26978.599669
5.98 26978.590305
6 26978.580991
6.02 26978.578699
6.04 26978.569371
6.06 26978.560093
6.08 26978.550864
6.1 26978.541686
6.12 26978.539538
6.14 26978.530344
6.16 26978.521198
6.18 26978.5121
6.2 26977.141072
6.22 26976.429951
6.24 26975.723792
6.26 26975.720359
6.28 26975.716961
6.3 26975.713598
6.32 26975.710268
6.92 39744.179883
6.94 39701.199726
6.96 39670.982104
6.98 39049.721381
7 38811.6659
7.02 38802.393715
7.04 38675.489058
7.06 38416.050888
7.08 38176.582542
7.1 37932.048272
7.12 37698.85048
7.14 37480.147238
7.16 37258.201834
7.18 37047.112661
7.2 36874.330033
7.22 36812.492782
7.24 36689.131409
7.26 36503.891373
7.28 36322.568328
7.3 36145.407087
7.32 35972.444302
7.34 35803.859588
7.36 35649.708575
7.38 35628.7294
7.4 35570.665565
7.42 35405.374165
7.44 35243.480977
7.46 35085.051451
7.48 34930.009523
7.5 34778.275899
7.52 34629.773222
7.54 34484.458279
7.56 34342.211498
7.58 34234.918252
7.6 34101.148699
7.62 33968.528096
7.64 33840.500637
7.66 33728.141924
7.68 33635.019414
7.7 33547.224766
7.72 33462.35713
7.74 33379.971502
7.76 33299.895006
7.78 33221.992707
7.8 33146.193491
7.82 33072.421503
7.84 33000.607512
7.86 32930.686793
7.88 32862.622167
7.9 32774.348372
7.92 32676.530527
7.94 32588.955332
7.96 32495.411351
7.98 32403.966873
8 32314.508607
8.02 32227.012926
8.04 32141.427649
8.06 32057.702175
8.08 31975.787497
8.1 31907.662259
8.12 31829.143955
8.14 31752.299801
8.16 31677.08678
8.18 31603.46317
8.2 31531.388443
8.22 31460.848354
8.24 31391.752619
8.26 31324.090598
8.28 31277.066466
8.3 31244.384133
8.32 31212.257611
8.34 31163.576405
8.36 31092.821346
8.38 31023.336363
8.4 30955.294488
8.42 30888.967097
8.44 30844.827641
8.46 30779.94645
8.48 30722.166977
8.5 30685.427551
8.52 30656.890941
8.54 30630.961357
8.56 30606.324592
8.58 30576.565835
8.6 30523.527807
8.62 30471.396435
8.64 30423.895691
8.66 30407.850866
8.68 30392.176506
8.7 30376.866896
8.72 30361.896247
8.74 30347.226261
8.76 30332.769399
8.78 30318.132321
8.8 30283.816398
8.82 30232.592645
8.84 30181.3699
8.86 30130.788536
8.88 30081.226327
8.9 30033.365989
8.92 29989.442831
8.94 29957.961015
8.96 29941.894296
8.98 29928.694572
9 29916.928576
9.02 29905.834993
9.04 29895.164937
9.06 29876.976357
9.08 29841.465574
9.1 29806.554437
9.12 29772.250433
9.14 29738.500011
9.16 29705.312274
9.18 29678.479293
9.2 29646.35231
9.22 29614.774164
9.24 29592.398267
9.26 29561.777787
9.28 29544.340833
9.3 29510.61928
9.32 29477.398328
9.34 29444.715212
9.36 29415.960869
9.38 29401.170985
9.4 29388.241739
9.42 29354.313852
9.44 29318.327082
9.46 29301.507128
9.48 29299.481061
9.5 29298.541342
9.52 29297.881433
9.54 29297.326333
9.56 29296.824648
9.58 29296.286305
9.6 29295.652621
9.62 29294.706349
9.64 29292.297251
9.66 29278.190002
9.68 29247.817326
9.7 29215.475908
9.72 29183.897794
9.74 29155.388381
9.76 29131.144479
9.78 29101.463364
9.8 29076.985783
9.82 29068.492306
9.84 29066.450535
9.86 29051.615181
9.88 29026.602224
9.9 29001.936092
9.92 28977.576155
9.94 28953.535217
9.96 28929.80804
9.98 28906.389483
10 28883.274499
10.02 28860.474926
10.04 28837.951724
10.06 28815.717681
10.08 28793.768575
10.1 28772.118481
10.12 28769.001831
10.14 28767.723801
10.16 28765.969301
10.18 28763.06919
10.2 28757.105911
10.22 28744.175829
10.24 28723.837545
10.26 28700.140277
10.28 28675.394241
10.3 28650.380837
10.32 28625.390711
10.34 28600.556015
10.36 28575.977809
10.38 28551.757895
10.4 28528.80907
10.42 28510.443058
10.44 28489.811574
10.46 28467.521955
10.48 28444.805348
10.5 28422.066035
10.52 28399.445181
10.54 28377.004751
10.56 28354.777423
10.58 28332.801122
10.6 28311.071141
10.62 28293.785651
10.64 28278.216083
10.66 28262.828017
10.68 28247.619374
10.7 28232.608753
10.72 28224.875337
10.74 28222.777462
10.76 28221.322648
10.78 28220.160566
10.8 28219.106335
10.82 28218.048994
10.84 28216.853093
10.86 28215.324113
10.88 28213.076616
10.9 28209.232166
10.92 28202.014333
10.94 28189.917213
10.96 28174.158936
10.98 28156.719401
11 28138.626989
11.02 28120.309366
11.04 28101.967797
11.06 28083.664456
11.08 28065.461125
11.1 28047.384392
11.12 28029.449829
11.14 28015.526155
11.16 28007.201406
11.18 27993.308751
11.2 27985.194079
11.22 27977.171853
11.24 27969.240582
11.26 27961.412538
11.28 27953.658796
11.3 27945.992121
11.32 27938.411259
11.34 27930.914981
11.36 27923.502076
11.38 27916.184572
11.4 27908.934457
11.42 27901.764222
11.44 27894.672737
11.46 27887.658893
11.48 27880.734856
11.5 27873.872637
11.52 27867.084851
11.54 27860.370462
11.56 27853.72845
11.58 27847.15781
11.6 27840.670439
11.62 27833.911606
11.64 27824.435084
11.66 27818.151772
11.68 27811.935009
11.7 27805.78389
11.72 27799.710066
11.74 27793.687187
11.76 27787.727319
11.78 27781.829606
11.8 27775.992736
11.82 27767.022784
11.84 27757.826829
11.86 27748.71962
11.88 27739.700134
11.9 27730.767314
11.92 27721.920104
11.94 27713.169719
11.96 27704.490259
11.98 27695.893324
12 27687.377911
12.02 27678.943032
12.04 27670.587713
12.06 27662.32294
12.08 27654.123534
12.1 27646.000856
12.12 27637.953984
12.14 27629.982014
12.16 27622.096032
12.18 27614.270861
12.2 27606.517952
12.22 27598.836433
12.24 27591.225369
12.26 27582.377469
12.28 27570.117325
12.3 27558.007293
12.32 27546.088742
12.34 27538.493176
12.36 27531.586633
12.38 27526.512903
12.4 27522.843843
12.42 27519.209942
12.44 27515.610568
12.46 27511.932634
12.48 27505.581267
12.5 27502.104102
12.52 27498.648545
12.54 27495.225649
12.56 27491.835005
12.58 27488.47622
12.6 27485.843733
12.62 27484.737459
12.64 27481.463061
12.66 27478.219063
12.68 27475.005101
12.7 27471.820813
12.72 27468.677034
12.74 27463.48006
12.76 27459.638631
12.78 27456.577524
12.8 27446.489275
12.82 27435.738062
12.84 27425.075125
12.86 27414.480589
12.88 27403.966505
12.9 27393.533038
12.92 27383.179999
12.94 27372.907
12.96 27362.724224
12.98 27352.610991
13 27350.092628
13.02 27347.798612
13.04 27345.525418
13.06 27343.283206
13.08 27341.050002
13.1 27338.836536
13.12 27336.642573
13.14 27334.467886
13.16 27332.312254
13.18 27330.185927
13.2 27328.067496
13.22 27325.967479
13.24 27323.88567
13.26 27321.821862
13.28 27319.775853
13.3 27317.757684
13.32 27315.746426
13.34 27313.75236
13.36 27307.942133
13.38 27305.991978
13.4 27301.554932
13.42 27299.644648
13.44 27297.750567
13.46 27295.872509
13.48 27294.010298
13.5 27292.16376
13.52 27290.342772
13.54 27288.526833
13.56 27286.726066
13.58 27284.940305
13.6 27283.169389
13.62 27281.413157
13.64 27279.681288
13.66 27277.953723
13.68 27276.240377
13.7 27274.541098
13.72 27272.855726
13.74 27271.193771
13.76 27263.98925
13.78 27255.294621
13.8 27246.660375
13.82 27238.08611
