2.5 27350.287559
2.52 27345.459205
2.54 27340.656986
2.56 27335.890377
2.58 27328.242704
2.6 27323.98352
2.62 27320.015016
2.64 27316.652891
2.66 27312.588838
2.68 27310.635357
2.7 27308.837752
2.72 27307.054166
2.74 27305.293927
2.76 27303.537715
2.78 27301.795089
2.8 27300.065911
2.82 27298.350047
2.84 27296.647363
2.86 27294.967026
2.88 27293.290105
2.9 27291.625977
2.92 27289.974516
2.94 27288.335595
2.96 27286.71841
2.98 27285.103999
3 27279.528385
3.02 27271.339034
3.04 27263.202663
3.06 27255.118967
3.08 27247.096712
3.1 27239.11718
3.12 27231.189317
3.14 27223.382751
3.16 27222.126673
3.18 27217.572416
3.2 27216.352116
3.22 27215.131933
3.24 27213.920789
3.26 27212.71859
3.28 27211.525248
3.3 27210.349659
3.32 27209.173589
3.34 27208.006125
3.36 27206.847185
3.38 27205.696688
3.4 27204.554553
3.42 27203.429515
3.44 27202.303686
3.46 27201.185986
3.48 27200.076339
3.5 27198.974666
3.52 27197.880723
3.54 27194.710599
3.56 27191.708751
3.58 27184.391619
3.6 27177.120697
3.62 27169.895695
3.64 27162.72496
3.66 27155.590719
3.68 27148.817267
3.7 27147.98559
3.72 27147.160732
3.74 27146.341706
3.76 27145.536958
3.78 27144.729239
3.8 27143.927177
3.82 27143.130722
3.84 27142.339822
3.86 27141.554426
3.88 27140.782844
3.9 27140.008139
3.92 27139.238789
3.94 27138.474743
3.96 27137.715951
3.98 27136.970735
4 27136.222112
4.02 27133.32386
4.04 27131.80697
4.06 27129.149013
4.08 27128.431143
4.1 27127.724994
4.12 27124.687278
4.14 27121.608982
4.16 27118.54991
4.18 27115.509965
4.2 27112.497256
4.22 27109.494988
4.24 27106.511422
4.26 27103.546413
4.28 27100.599823
4.3 27097.671529
4.32 27094.769573
4.34 27091.87809
4.36 27090.089364
4.38 27089.575305
4.4 27089.065564
4.42 27088.559324
4.44 27088.064442
4.46 27087.564779
4.48 27087.068401
4.5 27083.847839
4.52 27083.363269
4.54 27081.098671
4.56 27080.62431
4.58 27080.153072
4.6 27079.68493
4.62 27079.219856
4.64 27078.757824
4.66 27078.306659
4.68 27077.850489
4.7 27077.397287
4.72 27076.947027
4.74 27076.499682
4.76 27076.05523
4.78 27075.621366
4.8 27075.182484
4.82 27074.746422
4.84 27074.313159
4.86 27071.850789
4.88 27065.846077
4.9 27059.866786
4.92 27053.92053
4.94 27050.558541
4.96 27049.956424
4.98 27047.392715
5 27047.091552
5.02 27046.784631
5.04 27046.479663
5.06 27046.176628
5.08 27045.875508
5.1 27045.576287
5.12 27045.286436
5.14 27044.990823
5.16 27044.697044
5.18 27044.405039
5.2 27044.11436
5.22 27042.668878
5.24 27041.920198
5.26 27041.638488
5.28 27041.35855
5.3 27039.289307
5.32 27033.631356
5.34 27028.198352
5.36 27025.832749
5.38 27023.744612
5.4 27021.193476
5.42 27020.988838
5.44 27020.799788
5.46 27020.619306
5.48 27020.432622
5.5 27020.247105
5.52 27020.062739
5.54 27019.879511
5.56 27019.704694
5.58 27019.523588
5.6 27019.343592
5.62 27019.164697
5.64 27018.986893
5.66 27018.810172
5.68 27018.641695
5.7 27018.466985
5.72 27016.782697
5.74 27016.612843
5.76 27011.806165
5.78 27006.552854
5.8 27004.494444
5.82 27004.382468
5.84 27004.271194
5.86 27004.160596
5.88 27004.050666
5.9 27003.948474
5.92 27003.839743
5.94 27003.731664
5.96 27003.62423
5.98 27003.517435
6 27003.411272
6.02 27003.312703
6.04 27003.207656
6.06 27003.103184
6.08 27002.999103
6.1 27002.526257
6.12 27000.415379
6.14 26999.132381
6.16 26996.217706
6.18 26994.134027
6.2 26992.061852
6.22 26991.255676
6.24 26991.206029
6.26 26991.150012
6.28 26991.094381
6.3 26991.0391
6.32 26990.984156
7.06 39628.594704
7.08 39382.520418
7.1 39230.299982
7.12 39211.325536
7.14 39193.255122
7.16 38701.975681
7.18 38463.183292
7.2 38243.036183
7.22 38013.419412
7.24 37792.304016
7.26 37705.158645
7.28 37522.672922
7.3 37328.320963
7.32 37138.431485
7.34 36953.037857
7.36 36808.961056
7.38 36797.101065
7.4 36676.094479
7.42 36495.568547
7.44 36318.844983
7.46 36145.87802
7.48 35976.573946
7.5 35810.850301
7.52 35648.918068
7.54 35523.511488
7.56 35368.556252
7.58 35216.614936
7.6 35068.063487
7.62 34923.266173
7.64 34783.67095
7.66 34655.252017
7.68 34543.094456
7.7 34439.219647
7.72 34339.475924
7.74 34250.639711
7.76 34249.950714
7.78 34249.461733
7.8 34230.06679
7.82 34107.181116
7.84 33986.926266
7.86 33869.350913
7.88 33754.414707
7.9 33641.990654
7.92 33532.041305
7.94 33424.501143
7.96 33327.391858
7.98 33224.477377
8 33123.754473
8.02 33025.195832
8.04 32928.745572
8.06 32834.34944
8.08 32741.954981
8.1 32663.363108
8.12 32575.19921
8.14 32488.421468
8.16 32403.448948
8.18 32345.218961
8.2 32290.774658
8.22 32236.867334
8.24 32181.703147
8.26 32117.792796
8.28 32040.503429
8.3 31959.721531
8.32 31879.233265
8.34 31799.753749
8.36 31721.517431
8.38 31644.606266
8.4 31580.560781
8.42 31521.060267
8.44 31447.810197
8.46 31375.532433
8.48 31304.464812
8.5 31234.651368
8.52 31166.213978
8.54 31100.242659
8.56 31049.951154
8.58 31015.382977
8.6 30984.787995
8.62 30955.85743
8.64 30927.960268
8.66 30898.858422
8.68 30874.404296
8.7 30848.558852
8.72 30823.241954
8.74 30798.385148
8.76 30773.894059
8.78 30749.584882
8.8 30725.099218
8.82 30699.245724
8.84 30667.798906
8.86 30624.077933
8.88 30573.432778
8.9 30541.472309
8.92 30489.71125
8.94 30436.436089
8.96 30383.732155
8.98 30331.818338
9 30280.866233
9.02 30231.399466
9.04 30190.448559
9.06 30169.022175
9.08 30153.295098
9.1 30139.617501
9.12 30128.193889
9.14 30118.338191
9.16 30109.01299
9.18 30090.671418
9.2 30060.073113
9.22 30024.168321
9.24 29988.822379
9.26 29954.044735
9.28 29919.82393
9.3 29886.148772
9.32 29853.00834
9.34 29829.080654
9.36 29796.931078
9.38 29765.280215
9.4 29734.14932
9.42 29703.477105
9.44 29673.284797
9.46 29655.595199
9.48 29619.365537
9.5 29585.485619
9.52 29557.102829
9.54 29535.915423
9.56 29528.90385
9.58 29524.144624
9.6 29520.005417
9.62 29516.136642
9.64 29512.412652
9.66 29508.761946
9.68 29505.129669
9.7 29501.348206
9.72 29497.045147
9.74 29490.232356
9.76 29470.962544
9.78 29439.893418
9.8 29408.090038
9.82 29386.205696
9.84 29373.647091
9.86 29370.896446
9.88 29350.968782
9.9 29323.574106
9.92 29296.521118
9.94 29294.220724
9.96 29293.844483
9.98 29293.501117
10 29273.105819
10.02 29250.832763
10.04 29228.846196
10.06 29207.158328
10.08 29185.764025
10.1 29164.658253
10.12 29143.836087
10.14 29126.135106
10.16 29107.829545
10.18 29087.808295
10.2 29068.052092
10.22 29055.7305
10.24 29036.475958
10.26 29013.295654
10.28 28991.605084
10.3 28972.458085
10.32 28950.222755
10.34 28932.221142
10.36 28914.466958
10.38 28896.924396
10.4 28879.606051
10.42 28862.508279
10.44 28845.627508
10.46 28828.976005
10.48 28812.518222
10.5 28796.267144
10.52 28780.219466
10.54 28768.793297
10.56 28753.124666
10.58 28737.665284
10.6 28722.381022
10.62 28707.284696
10.64 28692.373358
10.66 28677.644119
10.68 28663.094141
10.7 28648.735423
10.72 28634.535152
10.74 28620.50596
10.76 28606.645216
10.78 28592.950337
10.8 28579.433625
10.82 28566.062423
10.84 28552.84965
10.86 28539.792917
10.88 28522.759525
10.9 28510.023757
10.92 28497.451403
10.94 28485.010937
10.96 28472.71504
10.98 28460.561561
11 28448.548389
11.02 28436.673444
11.04 28424.948548
11.06 28411.035753
11.08 28395.951907
11.1 28381.028837
11.12 28366.264481
11.14 28351.670726
11.16 28337.217023
11.18 28322.915765
11.2 28308.764915
11.22 28294.762472
11.24 28280.906476
11.26 28267.208614
11.28 28253.639434
11.3 28240.211396
11.32 28226.924594
11.34 28216.763146
11.36 28215.191754
11.38 28212.889834
11.4 28208.985874
11.42 28201.869316
11.44 28190.448777
11.46 28175.913063
11.48 28159.927621
11.5 28143.334071
11.52 28126.518532
11.54 28109.650067
11.56 28092.812155
11.58 28076.049437
11.6 28059.400217
11.62 28043.075039
11.64 28031.774111
11.66 28020.584474
11.68 28008.171108
11.7 27992.122204
11.72 27976.250043
11.74 27960.533745
11.76 27944.992628
11.78 27930.074691
11.8 27923.266843
11.82 27916.542527
11.84 27909.874101
11.86 27903.273594
11.88 27896.740076
11.9 27890.272523
11.92 27883.867368
11.94 27874.90477
11.96 27866.230871
11.98 27860.034582
12 27853.901611
12.02 27847.829871
12.04 27841.818491
12.06 27835.87863
12.08 27829.985309
12.1 27824.150124
12.12 27818.372732
12.14 27813.852006
12.16 27811.742698
12.18 27806.248823
12.2 27800.661512
12.22 27790.326795
12.24 27783.097936
12.26 27776.309529
12.28 27770.986182
12.3 27765.701936
12.32 27760.468172
12.34 27755.284265
12.36 27750.149605
12.38 27745.075301
12.4 27740.037015
12.42 27735.046198
12.44 27730.102272
12.46 27725.204669
12.48 27720.352829
12.5 27715.55763
12.52 27710.795363
12.54 27706.077234
12.56 27701.402714
12.58 27696.771282
12.6 27692.182425
12.62 27687.646798
12.64 27683.14129
12.66 27678.67687
12.68 27671.41238
12.7 27659.294881
12.72 27647.289223
12.74 27635.374216
12.76 27623.561923
12.78 27611.853818
12.8 27600.252177
12.82 27588.760523
12.84 27577.394484
12.86 27566.142168
12.88 27555.028506
12.9 27544.07817
12.92 27533.531334
12.94 27530.134891
12.96 27522.549915
12.98 27519.227064
13 27515.933427
13.02 27512.66866
13.04 27509.432433
13.06 27506.235131
13.08 27503.054753
13.1 27499.901963
13.12 27496.776452
13.14 27493.677913
13.16 27490.606044
13.18 27487.571019
13.2 27485.441389
13.22 27484.731751
13.24 27482.657659
13.26 27479.703201
13.28 27476.77375
13.3 27473.879269
13.32 27467.504495
13.34 27464.129889
13.36 27461.308029
13.38 27455.87784
13.4 27453.120951
13.42 27450.376624
13.44 27447.655123
13.46 27444.956199
13.48 27442.279577
13.5 27438.363069
13.52 27432.867054
13.54 27427.403076
13.56 27421.981155
13.58 27416.600909
13.6 27411.261941
13.62 27405.963848
13.64 27400.716067
13.66 27395.4983
13.68 27390.320223
13.7 27385.181449
13.72 27380.081594
13.74 27375.030137
13.76 27370.006757
13.78 27365.021173
13.8 27360.073018
13.82 27355.161933
