2.5 27373.612949
2.52 27364.530926
2.54 27355.501771
2.56 27346.535097
2.58 27337.630462
2.6 27328.787432
2.62 27322.132427
2.64 27320.269332
2.66 27318.427723
2.68 27316.600741
2.7 27314.788048
2.72 27312.989458
2.74 27311.214298
2.76 27309.443242
2.78 27307.685847
2.8 27305.941973
2.82 27304.211483
2.84 27302.494244
2.86 27300.79942
2.88 27299.108081
2.9 27297.429602
2.92 27295.763856
2.94 27294.110716
2.96 27292.479369
2.98 27287.771047
3 27285.78057
3.02 27281.9116
3.04 27280.333358
3.06 27278.766944
3.08 27277.221376
3.1 27275.678068
3.12 27274.146245
3.14 27272.625795
3.16 27271.116607
3.18 27269.618575
3.2 27268.140553
3.22 27266.664319
3.24 27265.198924
3.26 27263.744265
3.28 27262.300238
3.3 27260.875725
3.32 27259.452474
3.34 27258.03955
3.36 27256.636803
3.38 27251.123808
3.4 27243.389248
3.42 27235.711876
3.44 27228.073662
3.46 27220.483234
3.48 27212.940259
3.5 27205.444406
3.52 27201.060406
3.54 27199.072376
3.56 27195.725326
3.58 27194.654622
3.6 27193.591554
3.62 27192.536032
3.64 27191.49665
3.66 27190.455822
3.68 27189.422319
3.7 27188.396052
3.72 27187.376869
3.74 27186.363362
3.76 27183.562585
3.78 27182.334245
3.8 27181.347778
3.82 27180.368193
3.84 27179.395414
3.86 27178.429379
3.88 27177.478386
3.9 27174.811796
3.92 27167.791457
3.94 27160.813264
3.96 27153.876913
3.98 27146.990452
4 27143.564936
4.02 27140.367458
4.04 27134.753096
4.06 27133.974075
4.08 27130.896701
4.1 27129.650147
4.12 27128.937378
4.14 27128.229723
4.16 27127.526916
4.18 27126.828878
4.2 27126.143803
4.22 27125.454993
4.24 27124.770812
4.26 27124.091218
4.28 27123.41617
4.3 27122.745626
4.32 27122.087654
4.34 27121.425849
4.36 27120.768433
4.38 27120.115322
4.4 27117.603898
4.42 27115.534471
4.44 27109.137441
4.46 27102.770243
4.48 27096.440871
4.5 27090.149227
4.52 27086.085666
4.54 27085.606931
4.56 27085.12333
4.58 27084.642896
4.6 27084.165597
4.62 27083.691404
4.64 27083.220289
4.66 27082.760075
4.68 27082.294894
4.7 27081.832713
4.72 27081.373509
4.74 27080.917255
4.76 27080.463925
4.78 27080.021216
4.8 27079.573519
4.82 27079.128669
4.84 27077.896634
4.86 27075.617371
4.88 27073.613482
4.9 27073.037518
4.92 27072.615072
4.94 27072.19531
4.96 27071.778208
4.98 27071.36373
5 27070.517926
5.02 27067.911904
5.04 27065.320591
5.06 27062.744134
5.08 27060.182462
5.1 27057.635482
5.12 27055.11059
5.14 27052.592595
5.16 27050.089114
5.18 27047.601222
5.2 27046.595716
5.22 27046.309687
5.24 27046.018254
5.26 27045.728694
5.28 27044.97765
5.3 27042.698867
5.32 27041.283256
5.34 27040.536534
5.36 27040.263358
5.38 27039.99187
5.4 27039.722057
5.42 27039.453906
5.44 27039.187402
5.46 27038.929804
5.48 27038.66643
5.5 27038.404667
5.52 27038.1445
5.54 27037.885918
5.56 27037.63619
5.58 27037.380614
5.6 27037.126586
5.62 27036.874094
5.64 27036.61916
5.66 27031.139928
5.68 27025.696046
5.7 27020.769656
5.72 27020.591796
5.74 27018.12089
5.76 27017.949237
5.78 27017.785893
5.8 27017.616275
5.82 27017.447676
5.84 27017.280087
5.86 27017.113498
5.88 27016.9479
5.9 27016.790358
5.92 27016.626587
5.94 27016.463746
5.96 27016.301633
5.98 27015.458399
6 27014.508454
6.02 27014.359076
6.04 27014.203557
6.06 27013.022562
6.08 27007.817064
6.1 27002.899148
6.12 27002.801324
6.14 27000.540283
6.16 27000.44208
6.18 27000.344686
6.2 27000.247899
6.22 27000.151698
6.24 27000.062953
6.26 26999.967784
6.28 26999.873178
6.3 26999.779131
6.32 26999.685638
7.08 39523.388193
7.1 39500.162787
7.12 39477.775543
7.14 39456.190688
7.16 38767.227417
7.18 38564.557855
7.2 38350.631814
7.22 38348.294496
7.24 38274.255904
7.26 38058.34858
7.28 37847.344505
7.3 37679.945688
7.32 37478.435235
7.34 37280.613476
7.36 37087.193948
7.38 36898.314859
7.4 36791.319185
7.42 36784.746283
7.44 36775.058431
7.46 36659.421835
7.48 36504.923775
7.5 36354.639489
7.52 36208.430789
7.54 36065.651616
7.56 35927.164524
7.58 35789.594506
7.6 35630.842359
7.62 35477.374939
7.64 35328.902376
7.66 35182.114404
7.68 35038.113282
7.7 34897.19669
7.72 34759.406668
7.74 34624.714384
7.76 34493.103289
7.78 34364.508436
7.8 34247.175953
7.82 34128.783929
7.84 34008.539517
7.86 33890.89517
7.88 33775.865873
7.9 33663.337068
7.92 33553.275707
7.94 33445.618654
7.96 33340.303804
7.98 33263.078185
8 33194.079661
8.02 33126.751472
8.04 33061.040449
8.06 32996.888699
8.08 32934.208816
8.1 32865.485343
8.12 32767.991748
8.14 32672.840669
8.16 32605.442894
8.18 32513.825435
8.2 32423.097828
8.22 32333.925907
8.24 32246.418244
8.26 32161.676079
8.28 32097.195436
8.3 32046.539775
8.32 31997.937106
8.34 31923.845801
8.36 31850.972312
8.38 31779.394533
8.4 31709.084846
8.42 31640.015856
8.44 31572.184827
8.46 31505.516331
8.48 31446.05313
8.5 31414.031403
8.52 31382.727822
8.54 31352.11729
8.56 31322.185643
8.58 31292.897981
8.6 31264.241498
8.62 31236.193878
8.64 31208.72733
8.66 31181.80311
8.68 31155.248532
8.7 31115.719714
8.72 31052.837156
8.74 30990.848812
8.76 30929.944633
8.78 30881.930092
8.8 30832.614049
8.82 30773.966508
8.84 30717.526072
8.86 30676.173326
8.88 30649.768241
8.9 30626.995514
8.92 30605.645752
8.94 30579.426464
8.96 30534.786463
8.98 30492.575534
9 30453.996342
9.02 30411.559316
9.04 30369.83685
9.06 30328.813952
9.08 30288.475998
9.1 30248.808718
9.12 30209.818316
9.14 30171.449982
9.16 30133.71158
9.18 30099.96784
9.2 30074.010555
9.22 30061.771458
9.24 30026.184076
9.26 29987.518672
9.28 29949.422081
9.3 29911.884306
9.32 29874.89531
9.34 29838.465588
9.36 29829.096178
9.38 29822.262421
9.4 29786.672601
9.42 29753.681632
9.44 29718.196896
9.46 29679.494033
9.48 29658.271619
9.5 29655.086144
9.52 29652.810437
9.54 29650.719355
9.56 29648.736354
9.58 29646.79314
9.6 29644.892026
9.62 29643.013808
9.64 29641.115803
9.66 29638.994721
9.68 29620.550737
9.7 29585.756643
9.72 29551.669258
9.74 29530.549538
9.76 29501.596031
9.78 29493.534108
9.8 29464.300574
9.82 29435.403578
9.84 29406.888773
9.86 29403.727553
9.88 29403.406378
9.9 29389.305315
9.92 29366.246816
9.94 29346.881918
9.96 29323.625243
9.98 29300.689071
10 29285.604519
10.02 29263.275155
10.04 29241.232724
10.06 29219.489431
10.08 29198.040137
10.1 29176.879804
10.12 29156.003501
10.14 29135.422593
10.16 29123.289366
10.18 29115.193229
10.2 29095.63972
10.22 29069.975171
10.24 29050.892531
10.26 29027.316906
10.28 29000.135048
10.3 28980.158665
10.32 28961.871272
10.34 28943.819885
10.36 28926.016309
10.38 28908.424727
10.4 28891.05773
10.42 28873.911668
10.44 28856.982965
10.46 28840.283885
10.48 28823.778875
10.5 28807.480917
10.52 28791.386702
10.54 28775.492986
10.56 28769.8142
10.58 28768.690403
10.6 28767.321932
10.62 28765.375608
10.64 28762.00655
10.66 28750.154306
10.68 28731.335715
10.7 28712.742441
10.72 28694.343741
10.74 28676.151903
10.76 28653.851446
10.78 28630.942118
10.8 28608.17068
10.82 28585.569458
10.84 28563.220547
10.86 28546.071921
10.88 28533.144076
10.9 28520.367576
10.92 28507.754757
10.94 28495.27408
10.96 28482.938075
10.98 28470.743676
11 28457.259805
11.02 28441.685084
11.04 28428.954613
11.06 28417.333657
11.08 28405.845597
11.1 28394.488068
11.12 28383.259107
11.14 28372.170833
11.16 28361.192955
11.18 28350.338134
11.2 28339.604602
11.22 28328.990621
11.24 28318.494484
11.26 28308.128113
11.28 28297.862234
11.3 28287.709265
11.32 28277.667616
11.34 28267.735721
11.36 28257.912041
11.38 28248.208279
11.4 28238.596096
11.42 28229.08741
11.44 28215.963345
11.46 28206.671544
11.48 28197.492447
11.5 28188.397768
11.52 28179.399831
11.54 28170.497318
11.56 28161.68893
11.58 28152.97339
11.6 28144.362333
11.62 28135.828349
11.64 28127.383513
11.66 28119.026629
11.68 28110.756519
11.7 28102.572027
11.72 28094.484562
11.74 28086.467533
11.76 28078.532767
11.78 28070.679179
11.8 28062.905702
11.82 28055.22387
11.84 28047.607112
11.86 28040.06737
11.88 28032.603641
11.9 28025.112861
11.92 28009.477769
11.94 27993.979737
11.96 27978.595805
11.98 27963.339679
12 27948.212035
12.02 27933.213313
12.04 27918.343927
12.06 27903.61633
12.08 27889.007787
12.1 27874.533113
12.12 27860.19812
12.14 27846.016758
12.16 27832.040163
12.18 27818.393952
12.2 27805.822886
12.22 27795.162123
12.24 27789.695747
12.26 27784.283451
12.28 27778.934766
12.3 27773.625336
12.32 27768.366535
12.34 27763.157738
12.36 27757.998332
12.38 27752.899426
12.4 27747.836682
12.42 27742.821548
12.44 27737.853446
12.46 27732.931807
12.48 27728.05607
12.5 27723.237111
12.52 27718.451221
12.54 27713.709604
12.56 27709.01173
12.58 27704.357076
12.6 27699.745131
12.62 27695.186545
12.64 27690.658206
12.66 27683.630427
12.68 27677.224065
12.7 27669.869358
12.72 27665.536507
12.74 27661.231371
12.76 27656.964974
12.78 27652.736867
12.8 27648.546603
12.82 27644.393746
12.84 27640.28879
12.86 27636.209166
12.88 27632.165489
12.9 27625.619163
12.92 27618.611179
12.94 27611.66119
12.96 27604.779324
12.98 27597.943358
13 27591.163651
13.02 27584.439611
13.04 27577.770653
13.06 27571.166904
13.08 27564.606112
13.1 27558.098689
13.12 27551.644077
13.14 27545.241724
13.16 27538.891083
13.18 27532.602077
13.2 27526.352945
13.22 27520.153766
13.24 27514.003314
13.26 27507.880706
13.28 27499.775417
13.3 27491.268848
13.32 27481.599258
13.34 27471.580096
13.36 27465.310114
13.38 27462.501348
13.4 27459.726236
13.42 27456.963601
13.44 27454.221975
13.46 27449.505717
13.48 27444.879012
13.5 27442.216136
13.52 27439.586399
13.54 27436.968161
13.56 27434.371399
13.58 27431.795864
13.6 27429.241324
13.62 27426.707554
13.64 27424.204169
13.66 27421.711049
13.68 27419.23805
13.7 27416.784961
13.72 27414.351573
13.74 27409.995888
13.76 27407.050181
13.78 27401.269328
13.8 27391.986778
13.82 27382.768061
