2.5 27513.357
2.52 27504.216409
2.54 27496.88984
2.56 27492.770808
2.58 27490.605456
2.6 27489.336394
2.62 27488.479921
2.64 27487.842362
2.66 27487.312754
2.68 27486.831761
2.7 27486.356965
2.72 27485.848015
2.74 27485.245344
2.76 27484.481388
2.78 27483.388974
2.8 27481.628471
2.82 27477.848132
2.84 27472.627278
2.86 27466.88003
2.88 27459.060868
2.9 27450.726277
2.92 27442.164676
2.94 27433.504363
2.96 27424.817944
2.98 27420.588195
3 27416.77984
3.02 27412.519513
3.04 27410.309757
3.06 27408.116278
3.08 27405.948037
3.1 27403.786355
3.12 27401.639972
3.14 27398.304996
3.16 27395.072296
3.18 27392.978718
3.2 27390.909338
3.22 27388.84587
3.24 27386.797322
3.26 27384.763555
3.28 27382.744428
3.3 27380.748786
3.32 27378.758344
3.34 27376.782137
3.36 27374.820034
3.38 27372.871898
3.4 27364.810214
3.42 27356.660526
3.44 27348.548054
3.46 27340.482348
3.48 27332.463756
3.5 27324.492471
3.52 27316.56859
3.54 27310.414691
3.56 27306.321089
3.58 27301.485729
3.6 27298.21284
3.62 27294.855374
3.64 27293.343087
3.66 27291.833974
3.68 27290.335448
3.7 27288.847332
3.72 27287.369511
3.74 27285.901885
3.76 27284.452872
3.78 27283.005185
3.8 27281.567417
3.82 27280.13948
3.84 27278.721286
3.86 27277.312747
3.88 27275.922138
3.9 27274.532487
3.92 27273.152237
3.94 27271.781296
3.96 27268.34046
3.98 27266.484495
4 27259.183763
4.02 27251.926714
4.04 27244.713086
4.06 27237.542573
4.08 27230.414868
4.1 27223.337895
4.12 27216.294924
4.14 27214.061077
4.16 27212.987427
4.18 27211.920912
4.2 27210.8697
4.22 27209.817075
4.24 27208.771381
4.26 27207.73256
4.28 27206.70055
4.3 27205.675293
4.32 27204.664837
4.34 27203.65276
4.36 27202.647267
4.38 27201.648299
4.4 27200.655803
4.42 27199.669721
4.44 27198.697967
4.46 27197.724389
4.48 27193.835436
4.5 27192.880296
4.52 27190.011651
4.54 27189.080881
4.56 27188.147993
4.58 27187.221067
4.6 27186.300054
4.62 27185.384903
4.64 27184.475566
4.66 27183.579843
4.68 27182.68184
4.7 27181.789491
4.72 27180.316669
4.74 27177.209987
4.76 27174.121322
4.78 27171.058465
4.8 27168.005732
4.82 27164.97086
4.84 27161.953722
4.86 27158.954185
4.88 27155.979854
4.9 27153.014991
4.92 27150.067346
4.94 27146.499401
4.96 27140.263481
4.98 27138.019916
5 27135.417708
5.02 27133.972504
5.04 27132.740216
5.06 27130.873835
5.08 27130.224022
5.1 27129.578235
5.12 27128.943894
5.14 27128.305853
5.16 27127.671703
5.18 27127.041414
5.2 27126.414952
5.22 27125.799791
5.24 27125.180764
5.26 27124.565478
5.28 27123.953901
5.3 27123.346006
5.32 27122.741762
5.34 27122.14852
5.36 27116.399108
5.38 27110.503086
5.4 27104.638087
5.42 27098.803911
5.44 27093.450201
5.46 27092.986632
5.48 27089.983335
5.5 27089.522788
5.52 27089.065076
5.54 27088.610084
5.56 27088.16507
5.58 27087.715321
5.6 27087.268224
5.62 27086.82376
5.64 27086.381906
5.66 27085.942643
5.68 27085.513124
5.7 27085.078862
5.72 27084.647132
5.74 27084.217915
5.76 27083.791191
5.78 27083.374123
5.8 27082.952131
5.82 27080.912489
5.84 27079.214316
5.86 27073.718907
5.88 27068.25278
5.9 27062.823024
5.92 27058.492682
5.94 27058.174671
5.96 27057.858627
5.98 27057.544402
6 27057.231974
6.02 27056.928298
6.04 27056.619301
6.06 27056.312055
6.08 27056.00654
6.1 27055.702726
6.12 27055.407524
6.14 27055.106312
6.16 27053.813903
6.18 27052.188669
6.2 27051.896507
6.22 27051.606736
6.24 27051.325541
6.26 27049.517828
6.28 27049.175128
6.3 27043.98713
6.32 27038.826858
7.28 39091.799677
7.3 39077.839751
7.32 38690.985164
7.34 38476.217808
7.36 38347.912466
7.38 38347.650506
7.4 38347.409849
7.42 38211.175938
7.44 38027.861394
7.46 37849.406749
7.48 37698.784878
7.5 37675.63405
7.52 37484.275851
7.54 37295.649665
7.56 37111.415988
7.58 36931.516639
7.6 36755.910828
7.62 36585.114696
7.64 36436.925756
7.66 36274.319718
7.68 36115.249322
7.7 35960.083844
7.72 35810.223602
7.74 35680.14688
7.76 35633.483254
7.78 35545.525764
7.8 35415.426139
7.82 35282.680255
7.84 35152.334101
7.86 35024.465282
7.88 34899.083424
7.9 34776.093233
7.92 34655.484867
7.94 34537.233007
7.96 34421.379539
7.98 34308.622981
8 34193.252212
8.02 34084.854415
8.04 33977.538483
8.06 33872.087109
8.08 33766.94539
8.1 33658.455349
8.12 33552.127477
8.14 33449.334868
8.16 33368.280581
8.18 33278.704705
8.2 33186.027546
8.22 33095.053122
8.24 33005.692976
8.26 32917.938723
8.28 32831.756592
8.3 32747.119443
8.32 32666.098002
8.34 32664.384171
8.36 32664.075918
8.38 32663.865185
8.4 32663.603765
8.42 32625.462577
8.44 32576.734179
8.46 32528.999838
8.48 32482.262882
8.5 32436.49258
8.52 32363.649409
8.54 32286.211526
8.56 32207.255803
8.58 32129.677793
8.6 32053.562909
8.62 31979.100101
8.64 31906.943717
8.66 31839.950508
8.68 31780.862698
8.7 31711.986523
8.72 31642.509852
8.74 31573.99019
8.76 31506.655874
8.78 31445.584582
8.8 31414.979388
8.82 31387.048496
8.84 31344.571354
8.86 31289.997939
8.88 31236.362002
8.9 31183.664319
8.92 31131.842337
8.94 31080.898908
8.96 31030.81537
8.98 30981.573551
9 30933.176801
9.02 30885.564811
9.04 30844.991285
9.06 30808.454191
9.08 30763.079056
9.1 30718.447097
9.12 30697.69997
9.14 30681.054503
9.16 30635.116917
9.18 30589.806429
9.2 30545.164468
9.22 30501.199053
9.24 30457.856793
9.26 30415.147125
9.28 30373.05858
9.3 30331.580017
9.32 30290.701237
9.34 30269.153819
9.36 30258.504768
9.38 30247.219086
9.4 30221.9964
9.42 30179.268158
9.44 30135.23471
9.46 30091.554086
9.48 30048.5019
9.5 30006.710856
9.52 29977.179018
9.54 29968.877544
9.56 29962.442397
9.58 29956.330936
9.6 29950.40131
9.62 29944.607757
9.64 29938.928196
9.66 29933.344647
9.68 29927.848944
9.7 29922.340403
9.72 29916.520573
9.74 29895.112839
9.76 29859.138366
9.78 29829.086526
9.8 29795.307376
9.82 29759.421343
9.84 29743.00418
9.86 29720.847768
9.88 29690.21705
9.9 29659.998669
9.92 29630.151347
9.94 29619.987204
9.96 29618.646025
9.98 29612.091344
10 29591.754271
10.02 29566.704767
10.04 29547.40422
10.06 29525.157617
10.08 29501.052862
10.1 29477.269294
10.12 29453.801488
10.14 29447.032323
10.16 29444.21527
10.18 29439.907003
10.2 29426.106039
10.22 29401.006583
10.24 29381.835576
10.26 29355.68397
10.28 29351.353024
10.3 29349.886432
10.32 29348.811362
10.34 29347.868511
10.36 29346.996775
10.38 29327.795355
10.4 29303.424629
10.42 29291.785756
10.44 29291.455369
10.46 29290.967465
10.48 29289.801483
10.5 29283.422873
10.52 29260.590462
10.54 29233.451778
10.56 29206.221553
10.58 29179.783438
10.6 29155.604223
10.62 29135.403714
10.64 29110.562017
10.66 29086.512358
10.68 29071.445485
10.7 29067.361265
10.72 29066.035803
10.74 29065.349177
10.76 29064.875713
10.78 29055.564281
10.8 29038.485143
10.82 29021.590194
10.84 29004.891812
10.86 28988.387077
10.88 28972.073122
10.9 28955.94713
10.92 28940.020717
10.94 28924.261918
10.96 28908.68294
10.98 28893.281158
11 28878.053997
11.02 28862.998924
11.04 28848.127404
11.06 28833.408625
11.08 28818.854608
11.1 28801.975754
11.12 28782.847371
11.14 28761.547032
11.16 28739.4288
11.18 28717.328653
11.2 28695.398385
11.22 28673.68776
11.24 28652.228864
11.26 28631.074448
11.28 28610.267752
11.3 28589.982875
11.32 28570.663916
11.34 28553.780912
11.36 28542.866976
11.38 28538.261088
11.4 28536.261278
11.42 28535.139171
11.44 28534.358609
11.46 28533.717256
11.48 28527.29014
11.5 28512.565962
11.52 28497.985931
11.54 28483.549511
11.56 28469.255012
11.58 28455.10068
11.6 28441.097661
11.62 28427.218056
11.64 28413.473453
11.66 28399.862176
11.68 28386.38257
11.7 28373.03301
11.72 28359.82444
11.74 28346.72981
11.76 28333.760493
11.78 28320.914952
11.8 28308.191666
11.82 28295.6017
11.84 28283.117925
11.86 28270.751063
11.88 28258.183562
11.9 28243.40386
11.92 28228.455425
11.94 28212.442944
11.96 28196.088339
11.98 28179.729379
12 28163.454448
12.02 28147.293466
12.04 28131.258805
12.06 28122.117703
12.08 28114.411911
12.1 28106.78069
12.12 28099.223092
12.14 28091.738197
12.16 28084.337076
12.18 28076.994537
12.2 28069.721997
12.22 28062.518476
12.24 28055.381622
12.26 28046.166166
12.28 28036.361558
12.3 28029.437876
12.32 28022.583323
12.34 28015.793117
12.36 28009.066369
12.38 28002.414005
12.4 27995.811519
12.42 27989.270201
12.44 27982.789319
12.46 27976.368149
12.48 27970.005981
12.5 27963.713541
12.52 27954.303953
12.54 27948.124144
12.56 27937.860813
12.58 27924.263025
12.6 27910.826119
12.62 27897.583149
12.64 27884.550506
12.66 27871.811122
12.68 27859.508217
12.7 27847.94906
12.72 27837.800503
12.74 27830.092282
12.76 27825.30054
12.78 27822.572639
12.8 27820.909768
12.82 27819.764736
12.84 27818.881212
12.86 27818.116617
12.88 27817.391805
12.9 27816.637731
12.92 27815.774575
12.94 27814.678363
12.96 27813.117478
12.98 27810.580366
13 27806.036691
13.02 27798.103196
13.04 27787.272821
13.06 27775.561743
13.08 27763.679522
13.1 27751.801174
13.12 27739.974831
13.14 27728.218595
13.16 27716.540475
13.18 27704.954561
13.2 27693.442292
13.22 27682.015241
13.24 27670.674067
13.26 27663.939561
13.28 27656.476006
13.3 27651.904734
13.32 27648.038257
13.34 27644.203811
13.36 27640.401049
13.38 27636.629632
13.4 27632.899492
13.42 27629.18952
13.44 27625.509905
13.46 27621.860325
13.48 27618.240463
13.5 27614.650003
13.52 27611.098684
13.54 27607.565868
13.56 27604.061542
13.58 27600.585406
13.6 27597.137169
13.62 27593.716537
13.64 27590.333061
13.66 27586.966555
13.68 27583.626805
13.7 27577.693032
13.72 27572.740694
13.74 27562.625552
13.76 27552.576902
13.78 27542.608475
13.8 27532.728411
13.82 27522.956929
