2.5 27649.04465
2.52 27645.489271
2.54 27638.008508
2.56 27634.50819
2.58 27631.034752
2.6 27627.58792
2.62 27624.177108
2.64 27620.782479
2.66 27617.413672
2.68 27614.070429
2.7 27610.752494
2.72 27607.459607
2.74 27604.200971
2.76 27600.956917
2.78 27596.922531
2.8 27592.025047
2.82 27588.860059
2.84 27585.718737
2.86 27582.610097
2.88 27579.515109
2.9 27576.443054
2.92 27573.39371
2.94 27570.366855
2.96 27561.169344
2.98 27551.87125
3 27542.684376
3.02 27533.633409
3.04 27524.767861
3.06 27519.016692
3.08 27512.833055
3.1 27504.26144
3.12 27497.209033
3.14 27493.023311
3.16 27490.758678
3.18 27487.853229
3.2 27482.81839
3.22 27477.790514
3.24 27472.794645
3.26 27467.832013
3.28 27462.902735
3.3 27458.015707
3.32 27453.152939
3.34 27449.037859
3.36 27446.749939
3.38 27444.479951
3.4 27442.226105
3.42 27439.996957
3.44 27437.774528
3.46 27435.567661
3.48 27433.376211
3.5 27431.200035
3.52 27429.038993
3.54 27426.901595
3.56 27421.382619
3.58 27419.244209
3.6 27414.904622
3.62 27412.830161
3.64 27410.77865
3.66 27408.732444
3.68 27406.700261
3.7 27404.681978
3.72 27402.677469
3.74 27400.686613
3.76 27398.717801
3.78 27396.753719
3.8 27394.802931
3.82 27392.865321
3.84 27390.940772
3.86 27389.029171
3.88 27387.138765
3.9 27385.252553
3.92 27383.378953
3.94 27381.517855
3.96 27379.669151
3.98 27372.856585
4 27365.154669
4.02 27357.493134
4.04 27349.87263
4.06 27342.29359
4.08 27334.756288
4.1 27327.269088
4.12 27319.815464
4.14 27313.300168
4.16 27311.796312
4.18 27307.171033
4.2 27305.7019
4.22 27304.23405
4.24 27302.775756
4.26 27301.326934
4.28 27299.887503
4.3 27298.457382
4.32 27297.044599
4.34 27295.632711
4.36 27294.229902
4.38 27292.836094
4.4 27291.451213
4.42 27290.075183
4.44 27288.715899
4.46 27287.357199
4.48 27286.007129
4.5 27284.665613
4.52 27283.332569
4.54 27280.027528
4.56 27278.715331
4.58 27272.474768
4.6 27265.573222
4.62 27258.710659
4.64 27251.886818
4.66 27245.109276
4.68 27238.361951
4.7 27231.65261
4.72 27227.734134
4.74 27226.670232
4.76 27225.612979
4.78 27224.570009
4.8 27223.525679
4.82 27222.4878
4.84 27221.456317
4.86 27220.431175
4.88 27219.420055
4.9 27218.407285
4.92 27217.400662
4.94 27216.400002
4.96 27215.40178
4.98 27212.58075
5 27210.621797
5.02 27209.650496
5.04 27208.685529
5.06 27207.726458
5.08 27204.925125
5.1 27203.317014
5.12 27196.999185
5.14 27190.708013
5.16 27184.888779
5.18 27181.896872
5.2 27178.921869
5.22 27175.971134
5.24 27173.029412
5.26 27170.104231
5.28 27167.195506
5.3 27164.303273
5.32 27161.432439
5.34 27160.452951
5.36 27159.714421
5.38 27158.980539
5.4 27158.251045
5.42 27157.525866
5.44 27156.804954
5.46 27156.095543
5.48 27155.382931
5.5 27154.674481
5.52 27153.970159
5.54 27153.269931
5.56 27152.10714
5.58 27149.271283
5.6 27147.462448
5.62 27146.187874
5.64 27145.515759
5.66 27144.847531
5.68 27144.19033
5.7 27143.529663
5.72 27142.872796
5.74 27142.219699
5.76 27141.570344
5.78 27140.931887
5.8 27140.289813
5.82 27139.651399
5.84 27139.016618
5.86 27138.385442
5.88 27137.757846
5.9 27137.140877
5.92 27136.52024
5.94 27134.637849
5.96 27128.974367
5.98 27123.339211
6 27117.732207
6.02 27112.160103
6.04 27107.315841
6.06 27106.820393
6.08 27103.878235
6.1 27103.392812
6.12 27102.917153
6.14 27102.437093
6.16 27101.959705
6.18 27101.484966
6.2 27101.012853
6.22 27100.543341
6.24 27100.083272
6.26 27099.618655
6.28 27099.140813
6.3 27097.113303
6.32 27096.659194
7.4 39023.68079
7.42 38793.314408
7.44 38623.888717
7.46 38420.219072
7.48 38347.91386
7.5 38347.69628
7.52 38347.478377
7.54 38346.232147
7.56 38171.840812
7.58 38001.808422
7.6 37836.005021
7.62 37693.801428
7.64 37551.198137
7.66 37371.154442
7.68 37207.830964
7.7 37036.596613
7.72 36869.688899
7.74 36707.135656
7.76 36548.26335
7.78 36392.36369
7.8 36239.487319
7.82 36089.840728
7.84 35943.762267
7.86 35802.59548
7.88 35679.199651
7.9 35630.548372
7.92 35526.694911
7.94 35398.903749
7.96 35272.807446
7.98 35148.952956
8 35027.318184
8.02 34902.237845
8.04 34777.993184
8.06 34655.942237
8.08 34536.052916
8.1 34418.318893
8.12 34302.682034
8.14 34218.918714
8.16 34109.651983
8.18 34008.468743
8.2 33926.440468
8.22 33827.131589
8.24 33729.534061
8.26 33633.652383
8.28 33539.454917
8.3 33446.90835
8.32 33356.004218
8.34 33266.65678
8.36 33178.859656
8.38 33092.580781
8.4 33007.788998
8.42 32926.25552
8.44 32870.237148
8.46 32815.41492
8.48 32761.716187
8.5 32709.106418
8.52 32664.016039
8.54 32663.81442
8.56 32663.59849
8.58 32663.193067
8.6 32661.223386
8.62 32593.281161
8.64 32513.002316
8.66 32434.140591
8.68 32356.848543
8.7 32281.805815
8.72 32212.550495
8.74 32152.239156
8.76 32080.265965
8.78 32008.196984
8.8 31937.097194
8.82 31867.079867
8.84 31798.413567
8.86 31754.643742
8.88 31723.269535
8.9 31692.601649
8.92 31662.521775
8.94 31607.070757
8.96 31551.346916
8.98 31496.547911
9 31442.67572
9.02 31389.668615
9.04 31337.530476
9.06 31286.243482
9.08 31235.790216
9.1 31186.153654
9.12 31137.337303
9.14 31089.564462
9.16 31048.162271
9.18 31001.597944
9.2 30955.771463
9.22 30920.008675
9.24 30882.137428
9.26 30861.021189
9.28 30814.817422
9.3 30769.275377
9.32 30724.383336
9.34 30680.149152
9.36 30636.521861
9.38 30593.510739
9.4 30551.105151
9.42 30509.295557
9.44 30471.51188
9.46 30457.206063
9.48 30444.04003
9.5 30422.667131
9.52 30379.795684
9.54 30335.040925
9.56 30290.59742
9.58 30246.690608
9.6 30203.520087
9.62 30161.964538
9.64 30136.588222
9.66 30127.46833
9.68 30119.540418
9.7 30111.902003
9.72 30104.451663
9.74 30097.151772
9.76 30089.982904
9.78 30082.928672
9.8 30075.982233
9.82 30069.054433
9.84 30061.920116
9.86 30043.533692
9.88 30008.06197
9.9 29978.263565
9.92 29942.340696
9.94 29905.087644
9.96 29870.734806
9.98 29859.402509
10 29851.337201
10.02 29820.634988
10.04 29790.297635
10.06 29760.33766
10.08 29731.985813
10.1 29726.249784
10.12 29720.751322
10.14 29715.401675
10.16 29703.416221
10.18 29683.251808
10.2 29658.454658
10.22 29633.977857
10.24 29609.83241
10.26 29593.36157
10.28 29569.7819
10.3 29546.502438
10.32 29545.301093
10.34 29543.923221
10.36 29521.944451
10.38 29491.206499
10.4 29460.59191
10.42 29432.169471
10.44 29424.032459
10.46 29421.48191
10.48 29419.505773
10.5 29417.727187
10.52 29416.037158
10.54 29414.383985
10.56 29402.799177
10.58 29402.561916
10.6 29402.174392
10.62 29401.232577
10.64 29390.507679
10.66 29365.423497
10.68 29343.363322
10.7 29322.675111
10.72 29296.889714
10.74 29293.002371
10.76 29292.264395
10.78 29291.887723
10.8 29288.618373
10.82 29269.836776
10.84 29251.271839
10.86 29232.920373
10.88 29214.779242
10.9 29196.845371
10.92 29179.130115
10.94 29161.60126
10.96 29144.270761
10.98 29127.724603
11 29114.445465
11.02 29097.676955
11.04 29081.109683
11.06 29064.712607
11.08 29054.846225
11.1 29038.786314
11.12 29022.903429
11.14 29007.209049
11.16 28986.699995
11.18 28970.076073
11.2 28952.761255
11.22 28935.80757
11.24 28920.973556
11.26 28906.313307
11.28 28891.79698
11.3 28877.436433
11.32 28863.229522
11.34 28849.174137
11.36 28835.268202
11.38 28821.522867
11.4 28807.56085
11.42 28790.810818
11.44 28774.235628
11.46 28767.92196
11.48 28754.883999
11.5 28741.968259
11.52 28729.186592
11.54 28716.537209
11.56 28704.018353
11.58 28691.628292
11.6 28679.378218
11.62 28667.240279
11.64 28655.226117
11.66 28643.334109
11.68 28631.56266
11.7 28619.910197
11.72 28608.387722
11.74 28596.968242
11.76 28583.741315
11.78 28564.665114
11.8 28545.899598
11.82 28528.152104
11.84 28513.013098
11.86 28496.752047
11.88 28479.353221
11.9 28461.589181
11.92 28443.747089
11.94 28425.952902
11.96 28408.233911
11.98 28390.629291
12 28373.154355
12.02 28357.07054
12.04 28344.621049
12.06 28332.297306
12.08 28320.073685
12.1 28307.961163
12.12 28295.958453
12.14 28284.064291
12.16 28272.289424
12.18 28260.60837
12.2 28249.03237
12.22 28237.56077
12.24 28226.198779
12.26 28221.125074
12.28 28219.999333
12.3 28218.972221
12.32 28217.921976
12.34 28216.724781
12.36 28215.192279
12.38 28212.964026
12.4 28209.306164
12.42 28202.975816
12.44 28193.217592
12.46 28180.908302
12.48 28167.310055
12.5 28153.152542
12.52 28138.744104
12.54 28124.251223
12.56 28109.752666
12.58 28095.291377
12.6 28080.892235
12.62 28066.581515
12.64 28054.565134
12.66 28047.936751
12.68 28036.616697
12.7 28030.119751
12.72 28023.691579
12.74 28017.3087
12.76 28010.981944
12.78 28004.710673
12.8 27998.494256
12.82 27992.332073
12.84 27986.234442
12.86 27980.178621
12.88 27974.175228
12.9 27968.223678
12.92 27962.323389
12.94 27956.473791
12.96 27950.685002
12.98 27944.934833
13 27939.233694
13.02 27933.581042
13.04 27927.976342
13.06 27922.429777
13.08 27916.919145
13.1 27911.454909
13.12 27905.581943
13.14 27897.730293
13.16 27892.049147
13.18 27879.991509
13.2 27868.198569
13.22 27856.819206
13.24 27846.144203
13.26 27836.776326
13.28 27829.637867
13.3 27825.128277
13.32 27822.499953
13.34 27820.873063
13.36 27819.743001
13.38 27818.862949
13.4 27818.106711
13.42 27817.384468
13.44 27816.631815
13.46 27815.050718
13.48 27807.635121
13.5 27800.258031
13.52 27792.946498
13.54 27785.680126
13.56 27778.468767
13.58 27771.311918
13.6 27764.209064
13.62 27757.159686
13.64 27750.173106
13.66 27743.228901
13.68 27733.886699
13.7 27722.954504
13.72 27712.092727
13.74 27701.313137
13.76 27690.597535
13.78 27679.956419
13.8 27669.390187
13.82 27658.899112
