2.5 27794.778652
2.52 27784.547081
2.54 27773.880726
2.56 27763.137584
2.58 27752.408731
2.6 27741.724947
2.62 27731.108383
2.64 27720.545917
2.66 27710.433671
2.68 27706.638148
2.7 27698.945826
2.72 27695.217265
2.74 27691.526131
2.76 27687.85297
2.78 27684.207212
2.8 27680.58859
2.82 27676.996841
2.84 27673.431706
2.86 27669.902223
2.88 27666.389339
2.9 27662.902304
2.92 27659.44086
2.94 27656.004731
2.96 27652.602774
2.98 27648.470798
3 27643.359492
3.02 27640.028511
3.04 27636.721752
3.06 27633.438928
3.08 27630.188949
3.1 27626.953121
3.12 27619.715843
3.14 27610.224343
3.16 27600.801679
3.18 27591.450339
3.2 27585.561462
3.22 27580.007797
3.24 27570.785776
3.26 27561.624034
3.28 27552.525024
3.3 27543.500112
3.32 27534.536657
3.34 27525.655318
3.36 27517.573808
3.38 27514.976491
3.4 27512.397442
3.42 27509.845226
3.44 27507.301867
3.46 27504.776196
3.48 27502.268047
3.5 27499.777251
3.52 27497.30361
3.54 27494.855414
3.56 27492.208952
3.58 27487.383684
3.6 27485.695593
3.62 27485.054317
3.64 27482.832531
3.66 27480.474924
3.68 27478.133355
3.7 27475.807679
3.72 27472.627826
3.74 27467.800866
3.76 27465.53835
3.78 27461.119182
3.8 27458.810417
3.82 27456.589846
3.84 27454.384157
3.86 27452.193219
3.88 27450.025265
3.9 27447.863279
3.92 27445.715665
3.94 27443.582298
3.96 27441.463055
3.98 27439.366192
4 27437.274668
4.02 27435.19691
4.04 27433.132797
4.06 27431.082213
4.08 27429.045042
4.1 27427.029403
4.12 27425.018558
4.14 27423.020789
4.16 27418.319382
4.18 27410.654508
4.2 27403.020965
4.22 27395.407457
4.24 27387.825965
4.26 27380.278948
4.28 27372.768113
4.3 27365.294652
4.32 27357.867499
4.34 27351.986692
4.36 27350.352713
4.38 27345.612402
4.4 27344.006018
4.42 27342.409875
4.44 27340.831829
4.46 27339.255705
4.48 27337.689541
4.5 27336.133254
4.52 27334.586762
4.54 27333.057967
4.56 27331.530676
4.58 27330.012943
4.6 27328.504689
4.62 27327.005836
4.64 27325.516308
4.66 27324.043878
4.68 27322.572628
4.7 27321.110476
4.72 27319.657347
4.74 27316.232445
4.76 27314.801283
4.78 27309.362191
4.8 27302.456062
4.82 27295.588091
4.84 27288.758031
4.86 27281.965629
4.88 27275.218361
4.9 27268.500393
4.92 27261.819636
4.94 27260.09905
4.96 27258.929913
4.98 27257.76786
5 27256.620437
5.02 27255.472229
5.04 27254.330927
5.06 27253.196478
5.08 27252.068826
5.1 27250.947917
5.12 27249.841186
5.14 27248.733468
5.16 27247.63233
5.18 27246.537712
5.2 27245.449536
5.22 27244.375143
5.24 27243.2974
5.26 27240.616836
5.28 27238.180364
5.3 27235.483495
5.32 27232.730196
5.34 27228.057388
5.36 27224.959167
5.38 27221.878084
5.4 27218.814021
5.42 27215.766859
5.44 27212.736478
5.46 27209.73003
5.48 27206.732733
5.5 27203.751867
5.52 27200.787317
5.54 27197.838973
5.56 27194.914014
5.58 27191.997667
5.6 27189.09735
5.62 27186.215079
5.64 27184.941685
5.66 27184.132189
5.68 27183.334837
5.7 27182.534849
5.72 27181.739439
5.74 27180.948558
5.76 27180.162165
5.78 27179.387398
5.8 27175.998309
5.82 27175.229842
5.84 27172.74879
5.86 27171.992296
5.88 27171.240066
5.9 27170.499141
5.92 27169.755222
5.94 27169.015471
5.96 27168.279858
5.98 27167.548352
6 27166.820925
6.02 27166.104517
6.04 27165.385041
6.06 27164.669555
6.08 27163.95803
6.1 27163.250438
6.12 27162.553733
6.14 27161.853808
6.16 27161.157731
6.18 27157.123779
6.2 27151.501532
6.22 27145.906818
6.24 27140.346306
6.26 27134.806044
6.28 27130.014335
6.3 27129.448241
6.32 27126.440902
7.42 39493.008378
7.44 39396.603447
7.46 39378.979257
7.48 39231.141652
7.5 39172.962657
7.52 38753.90034
7.54 38673.274771
7.56 38495.549787
7.58 38336.710782
7.6 38152.658675
7.62 37974.179568
7.64 37796.336039
7.66 37700.81607
7.68 37550.33277
7.7 37402.23837
7.72 37258.036096
7.74 37117.483463
7.76 36980.205214
7.78 36846.469334
7.8 36789.609824
7.82 36783.197836
7.84 36771.874608
7.86 36734.110958
7.88 36623.619206
7.9 36479.042893
7.92 36331.413274
7.94 36186.426884
7.96 36044.375034
7.98 35905.271195
8 35769.018915
8.02 35635.673825
8.04 35506.076547
8.06 35380.83254
8.08 35256.548625
8.1 35134.13717
8.12 35013.88607
8.14 34903.682639
8.16 34793.008434
8.18 34679.443659
8.2 34568.092487
8.22 34458.945764
8.24 34351.967624
8.26 34253.547461
8.28 34186.563566
8.3 34079.752982
8.32 33974.738844
8.34 33871.465497
8.36 33769.932184
8.38 33683.231344
8.4 33600.16084
8.42 33503.657583
8.44 33408.735869
8.46 33315.343367
8.48 33223.480543
8.5 33133.123685
8.52 33048.955999
8.54 32968.318424
8.56 32889.164931
8.58 32811.416079
8.6 32750.994576
8.62 32703.907122
8.64 32664.514136
8.66 32625.735509
8.68 32568.273945
8.7 32524.81959
8.72 32482.205584
8.74 32440.411477
8.76 32399.417603
8.78 32359.225155
8.8 32319.775227
8.82 32281.069589
8.84 32243.090672
8.86 32205.821103
8.88 32169.242505
8.9 32127.030388
8.92 32057.090522
8.94 31988.220669
8.96 31920.437616
8.98 31853.772235
9 31788.328099
9.02 31724.299643
9.04 31662.543141
9.06 31606.562957
9.08 31554.318251
9.1 31493.777323
9.12 31433.435102
9.14 31375.051961
9.16 31342.988303
9.18 31319.061987
9.2 31295.758785
9.22 31272.920355
9.24 31250.489123
9.26 31228.457734
9.28 31206.81307
9.3 31185.543569
9.32 31142.272371
9.34 31096.817292
9.36 31052.032083
9.38 31007.923823
9.4 30964.479612
9.42 30921.686859
9.44 30882.115318
9.46 30843.840548
9.48 30802.899835
9.5 30762.560207
9.52 30721.382946
9.54 30681.845715
9.56 30653.789345
9.58 30615.717124
9.6 30578.196122
9.62 30541.216299
9.64 30504.767829
9.66 30463.347602
9.68 30425.004031
9.7 30390.133078
9.72 30352.523726
9.74 30316.419973
9.76 30288.447741
9.78 30255.921741
9.8 30231.227986
9.82 30199.151261
9.84 30167.518429
9.86 30136.321713
9.88 30105.5535
9.9 30075.223731
9.92 30045.289616
9.94 30031.732358
9.96 30025.674297
9.98 30019.727846
10 30013.877123
10.02 30008.120923
10.04 30002.392002
10.06 29996.595638
10.08 29988.894442
10.1 29954.77263
10.12 29921.060763
10.14 29893.23412
10.16 29861.548995
10.18 29829.124603
10.2 29818.697942
10.22 29814.812798
10.24 29811.357755
10.26 29796.654174
10.28 29768.040402
10.3 29739.765607
10.32 29711.824941
10.34 29684.789943
10.36 29682.939783
10.38 29681.111986
10.4 29679.305711
10.42 29677.497335
10.44 29667.660646
10.46 29644.379755
10.48 29626.077603
10.5 29603.32722
10.52 29580.853423
10.54 29558.651791
10.56 29536.718609
10.58 29515.064358
10.6 29500.639164
10.62 29479.456206
10.64 29458.525516
10.66 29437.843264
10.68 29417.405692
10.7 29405.051511
10.72 29404.021347
10.74 29403.474377
10.76 29403.153483
10.78 29402.880561
10.8 29399.309886
10.82 29395.43607
10.84 29391.607679
10.86 29375.680439
10.88 29351.416445
10.9 29334.480617
10.92 29310.084688
10.94 29293.782367
10.96 29292.368688
10.98 29291.863104
11 29291.562218
11.02 29291.331053
11.04 29291.132087
11.06 29290.900476
11.08 29280.830255
11.1 29263.11519
11.12 29245.594105
11.14 29228.278282
11.16 29211.136597
11.18 29194.180884
11.2 29177.408563
11.22 29160.817093
11.24 29144.403977
11.26 29128.180358
11.28 29112.116193
11.3 29096.223141
11.32 29079.656365
11.34 29064.941126
11.36 29049.547589
11.38 29034.329269
11.4 29019.257139
11.42 29004.342688
11.44 28989.583798
11.46 28974.978383
11.48 28960.537636
11.5 28946.23238
11.52 28929.661272
11.54 28912.481644
11.56 28895.468473
11.58 28878.61982
11.6 28861.946581
11.62 28845.420601
11.64 28829.05322
11.66 28812.842544
11.68 28796.786807
11.7 28780.885072
11.72 28768.629487
11.74 28767.251777
11.76 28765.310484
11.78 28760.619245
11.8 28748.333843
11.82 28736.182245
11.84 28724.137375
11.86 28709.88673
11.88 28691.211795
11.9 28672.294351
11.92 28653.330027
11.94 28634.423296
11.96 28615.598796
11.98 28596.900684
12 28578.356952
12.02 28560.012388
12.04 28542.013854
12.06 28525.31687
12.08 28510.754596
12.1 28494.793641
12.12 28479.178915
12.14 28466.210372
12.16 28453.369998
12.18 28440.632173
12.2 28428.007903
12.22 28415.49589
12.24 28403.094856
12.26 28390.803539
12.28 28378.632376
12.3 28366.556453
12.32 28354.586572
12.34 28342.721537
12.36 28330.960174
12.38 28319.313036
12.4 28307.755237
12.42 28296.29769
12.44 28284.93929
12.46 28273.678957
12.48 28262.515648
12.5 28251.459827
12.52 28240.487608
12.54 28229.612254
12.56 28220.842171
12.58 28217.324801
12.6 28215.979285
12.62 28214.145032
12.64 28211.312803
12.66 28206.498597
12.68 28198.588229
12.7 28187.7106
12.72 28175.085519
12.74 28161.627246
12.76 28147.806078
12.78 28139.952488
12.8 28131.988811
12.82 28121.335515
12.84 28114.505898
12.86 28107.724098
12.88 28101.000645
12.9 28094.334886
12.92 28087.726178
12.94 28081.173891
12.96 28074.688081
12.98 28068.246503
13 28061.859503
13.02 28055.526486
13.04 28049.246858
13.06 28043.030745
13.08 28036.855891
13.1 28030.732708
13.12 28024.660634
13.14 28018.639118
13.16 28012.667613
13.18 28006.756053
13.2 28000.882709
13.22 27995.057788
13.24 27989.280772
13.26 27983.550851
13.28 27974.945786
13.3 27968.883501
13.32 27956.342313
13.34 27943.910633
13.36 27931.592922
13.38 27919.395935
13.4 27907.340346
13.42 27895.422714
13.44 27883.682116
13.46 27872.169489
13.48 27860.981367
13.5 27850.313608
13.52 27840.585639
13.54 27832.53929
13.56 27826.941883
13.58 27823.582838
13.6 27821.573491
13.62 27820.250291
13.64 27819.275722
13.66 27818.470652
13.68 27817.740389
13.7 27817.014039
13.72 27816.22205
13.74 27815.274525
13.76 27814.003373
13.78 27812.095517
13.8 27808.902405
13.82 27803.343603
