2.5 27939.499455
2.52 27934.475412
2.54 27926.746448
2.56 27921.795666
2.58 27912.810227
2.6 27901.553586
2.62 27890.443728
2.64 27879.490305
2.66 27870.067298
2.68 27862.870489
2.7 27855.725671
2.72 27848.631802
2.74 27841.597896
2.76 27834.604459
2.78 27827.661642
2.8 27821.53769
2.82 27820.223094
2.84 27819.255417
2.86 27818.459599
2.88 27817.7327
2.9 27817.008873
2.92 27816.219629
2.94 27815.272967
2.96 27814.016996
2.98 27812.14112
3 27809.050504
3.02 27803.793101
3.04 27795.817963
3.06 27786.250043
3.08 27776.252559
3.1 27766.156577
3.12 27756.064667
3.14 27746.008597
3.16 27736.001507
3.18 27726.049607
3.2 27716.164833
3.22 27706.331242
3.24 27696.558746
3.26 27689.708744
3.28 27684.346432
3.3 27679.190458
3.32 27675.820112
3.34 27672.473295
3.36 27669.149793
3.38 27665.849393
3.4 27662.571886
3.42 27659.32588
3.44 27656.093359
3.46 27652.88312
3.48 27649.694962
3.5 27646.528687
3.52 27643.3841
3.54 27640.26966
3.56 27637.167693
3.58 27634.086841
3.6 27631.026919
3.62 27627.987739
3.64 27624.977788
3.66 27621.979372
3.68 27619.001155
3.7 27613.713715
3.72 27610.554024
3.74 27601.687562
3.76 27592.882774
3.78 27584.122741
3.8 27575.416297
3.82 27566.76384
3.84 27558.166093
3.86 27549.624374
3.88 27541.149351
3.9 27532.729403
3.92 27524.383858
3.94 27516.141071
3.96 27512.879083
3.98 27510.48475
4 27508.097611
4.02 27505.726071
4.04 27503.369996
4.06 27501.029253
4.08 27498.703713
4.1 27496.401477
4.12 27494.105796
4.14 27491.824936
4.16 27489.558773
4.18 27487.307181
4.2 27485.137667
4.22 27484.343299
4.24 27483.203714
4.26 27481.400638
4.28 27478.412264
4.3 27474.104367
4.32 27471.959372
4.34 27469.81971
4.36 27464.469616
4.38 27462.363882
4.4 27460.271467
4.42 27458.192212
4.44 27456.133977
4.46 27454.080566
4.48 27452.039993
4.5 27450.012149
4.52 27447.996928
4.54 27446.002197
4.56 27444.011701
4.58 27442.033131
4.6 27439.050541
4.62 27436.043951
4.64 27434.106643
4.66 27432.189132
4.68 27430.275452
4.7 27428.373503
4.72 27426.483189
4.74 27422.848424
4.76 27415.597138
4.78 27408.371286
4.8 27401.160965
4.82 27394.705045
4.84 27390.810828
4.86 27386.939375
4.88 27380.300124
4.9 27373.203891
4.92 27366.146083
4.94 27359.126562
4.96 27356.116753
4.98 27354.569714
5 27353.039527
5.02 27351.510734
5.04 27349.990937
5.06 27348.479346
5.08 27345.802551
5.1 27342.550902
5.12 27341.078233
5.14 27339.608689
5.16 27338.147919
5.18 27336.695779
5.2 27335.252183
5.22 27333.824562
5.24 27332.397713
5.26 27330.979204
5.28 27329.568972
5.3 27328.16695
5.32 27325.201491
5.34 27323.500916
5.36 27319.231624
5.38 27312.649357
5.4 27306.101588
5.42 27299.588107
5.44 27293.108696
5.46 27286.670405
5.48 27280.258372
5.5 27274.008356
5.52 27270.990993
5.54 27269.840365
5.56 27268.709507
5.58 27267.577917
5.6 27266.452816
5.62 27265.334124
5.64 27264.221783
5.66 27263.115744
5.68 27262.023127
5.7 27260.929421
5.72 27259.841873
5.74 27258.760438
5.76 27257.685069
5.78 27256.622907
5.8 27255.559418
5.82 27254.501863
5.84 27253.450195
5.86 27250.941336
5.88 27248.683965
5.9 27245.895811
5.92 27244.875474
5.94 27243.860831
5.96 27242.851798
5.98 27241.848336
6 27240.850404
6.02 27239.864934
6.04 27238.877828
6.06 27237.896135
6.08 27236.919815
6.1 27235.94883
6.12 27234.990125
6.14 27234.029583
6.16 27233.074264
6.18 27232.124129
6.2 27231.179141
6.22 27230.23926
6.24 27229.311281
6.26 27224.472105
6.28 27218.67197
6.3 27212.899892
6.32 27207.155713
7.56 39700.291869
7.58 39512.074913
7.6 39328.437922
7.62 39258.98003
7.64 38855.287546
7.66 38688.671365
7.68 38500.715781
7.7 38348.688842
7.72 38319.001472
7.74 38163.474049
7.76 38011.6323
7.78 37863.299737
7.8 37718.406289
7.82 37700.783446
7.84 37700.184126
7.86 37698.609234
7.88 37664.636804
7.9 37500.133187
7.92 37338.597559
7.94 37180.37326
7.96 37025.395127
7.98 36873.635185
8 36725.044212
8.02 36580.277001
8.04 36440.47573
8.06 36302.38169
8.08 36166.274352
8.1 36032.641617
8.12 35901.670649
8.14 35773.749565
8.16 35649.681471
8.18 35528.510452
8.2 35408.203089
8.22 35305.981179
8.24 35187.259174
8.26 35068.551752
8.28 34951.648439
8.3 34836.651104
8.32 34725.791547
8.34 34619.255711
8.36 34514.704699
8.38 34412.115949
8.4 34311.568355
8.42 34212.676561
8.44 34138.705826
8.46 34067.965096
8.48 33998.701502
8.5 33929.783929
8.52 33839.431757
8.54 33750.488435
8.56 33663.004659
8.58 33576.909957
8.6 33492.202638
8.62 33408.856892
8.64 33326.846336
8.66 33246.168081
8.68 33166.749499
8.7 33088.589906
8.72 33011.665269
8.74 32955.937164
8.76 32908.808033
8.78 32862.583411
8.8 32817.197703
8.82 32772.65331
8.84 32728.931923
8.86 32686.027082
8.88 32663.419749
8.9 32662.592133
8.92 32626.289756
8.94 32551.938892
8.96 32482.778672
8.98 32431.396304
9 32360.057136
9.02 32289.660721
9.04 32220.26457
9.06 32151.865011
9.08 32084.4588
9.1 32018.060805
9.12 31952.81824
9.14 31891.552746
9.16 31851.800125
9.18 31818.097497
9.2 31785.843777
9.22 31754.445896
9.24 31723.704368
9.26 31693.541133
9.28 31663.90799
9.3 31634.769747
9.32 31606.094394
9.34 31565.251033
9.36 31515.923007
9.38 31467.33316
9.4 31419.467647
9.42 31378.28004
9.44 31331.793528
9.46 31286.010113
9.48 31240.878273
9.5 31196.333705
9.52 31150.029879
9.54 31104.25686
9.56 31061.084143
9.58 31019.158659
9.6 30977.834293
9.62 30937.100067
9.64 30896.945328
9.66 30866.533556
9.68 30832.551008
9.7 30794.004239
9.72 30755.997366
9.74 30717.895208
9.76 30673.139375
9.78 30636.736471
9.8 30600.853547
9.82 30565.446486
9.84 30530.524778
9.86 30496.08003
9.88 30463.786035
9.9 30436.755477
9.92 30411.319187
9.94 30398.279841
9.96 30385.586565
9.98 30373.144445
10 30360.892153
10.02 30348.774588
10.04 30336.696114
10.06 30324.485066
10.08 30311.635356
10.1 30296.14264
10.12 30271.522392
10.14 30237.495262
10.16 30200.901081
10.18 30164.032505
10.2 30128.072959
10.22 30105.626715
10.24 30070.319189
10.26 30037.354329
10.28 30022.009333
10.3 30012.339061
10.32 30003.852638
10.34 29995.835314
10.36 29973.54832
10.38 29944.200634
10.4 29916.474864
10.42 29912.272892
10.44 29908.140353
10.46 29904.076646
10.48 29900.028264
10.5 29892.944159
10.52 29868.179905
10.54 29843.713361
10.56 29819.539967
10.58 29795.670503
10.6 29772.069506
10.62 29750.4215
10.64 29725.703197
10.66 29702.929471
10.68 29680.42324
10.7 29658.195272
10.72 29640.767215
10.74 29619.021323
10.76 29597.527447
10.78 29584.888027
10.8 29584.279536
10.82 29583.648846
10.84 29582.430231
10.86 29579.432509
10.88 29576.161604
10.9 29557.67518
10.92 29543.307063
10.94 29543.045696
10.96 29529.985403
10.98 29503.716579
11 29479.284531
11.02 29460.841377
11.04 29434.822989
11.06 29411.9976
11.08 29405.117253
11.1 29404.021908
11.12 29403.59408
11.14 29403.348197
11.16 29403.144801
11.18 29402.951399
11.2 29402.730304
11.22 29396.280735
11.24 29378.227063
11.26 29364.550867
11.28 29346.863243
11.3 29329.362648
11.32 29318.30772
11.34 29301.1504
11.36 29284.172736
11.38 29262.662012
11.4 29244.590795
11.42 29228.160124
11.44 29211.899628
11.46 29195.807014
11.48 29179.893305
11.5 29164.129386
11.52 29148.52675
11.54 29133.083215
11.56 29121.254733
11.58 29103.006929
11.6 29087.702992
11.62 29072.874756
11.64 29064.105175
11.66 29049.553322
11.68 29035.14678
11.7 29020.883805
11.72 29006.775102
11.74 28992.793387
11.76 28978.949807
11.78 28965.242605
11.8 28951.670051
11.82 28938.243029
11.84 28924.934323
11.86 28911.755242
11.88 28898.704161
11.9 28885.779477
11.92 28872.979611
11.94 28860.315252
11.96 28845.378804
11.98 28829.752556
12 28814.977628
12.02 28801.617911
12.04 28789.56542
12.06 28778.085122
12.08 28769.434392
12.1 28757.708319
12.12 28746.092453
12.14 28734.585458
12.16 28723.197999
12.18 28711.904484
12.2 28700.715957
12.22 28689.631158
12.24 28678.648846
12.26 28667.7678
12.28 28656.998497
12.3 28646.316062
12.32 28635.731336
12.34 28625.243165
12.36 28614.850412
12.38 28604.56367
12.4 28594.358091
12.42 28584.244623
12.44 28574.222192
12.46 28564.289742
12.48 28554.446234
12.5 28544.702081
12.52 28535.032457
12.54 28522.085503
12.56 28512.597686
12.58 28503.193768
12.6 28493.872776
12.62 28484.644924
12.64 28475.486664
12.66 28466.408538
12.68 28457.409637
12.7 28448.489068
12.72 28439.657138
12.74 28430.890312
12.76 28422.199215
12.78 28413.583
12.8 28405.040833
12.82 28396.57189
12.84 28388.186288
12.86 28379.861078
12.88 28371.606541
12.9 28361.180044
12.92 28350.245739
12.94 28339.399421
12.96 28328.65092
12.98 28317.977721
13 28307.389899
13.02 28296.886579
13.04 28286.466894
13.06 28276.140693
13.08 28265.885442
13.1 28255.711254
13.12 28245.617219
13.14 28235.60231
13.16 28225.665488
13.18 28215.816567
13.2 28204.764121
13.22 28191.00676
13.24 28177.279213
13.26 28163.617872
13.28 28150.037902
13.3 28136.556738
13.32 28123.157336
13.34 28109.852086
13.36 28096.641971
13.38 28083.527459
13.4 28070.519003
13.42 28059.108036
13.44 28053.165345
13.46 28047.270072
13.48 28041.421611
13.5 28035.619473
13.52 28029.873229
13.54 28024.162074
13.56 28018.495834
13.58 28012.874049
13.6 28007.296266
13.62 28001.762035
13.64 27996.28075
13.66 27990.832064
13.68 27985.425601
13.7 27980.060884
13.72 27974.737096
13.74 27968.483994
13.76 27960.578946
13.78 27954.834154
13.8 27949.683226
13.82 27944.571848
