2.5 28403.35839
2.52 28396.038057
2.54 28388.762322
2.56 28381.540661
2.58 28374.372551
2.6 28366.232518
2.62 28352.902029
2.64 28339.675601
2.66 28326.57054
2.68 28313.598166
2.7 28300.775876
2.72 28288.131221
2.74 28275.717369
2.76 28263.587241
2.78 28251.83838
2.8 28240.433044
2.82 28228.890997
2.84 28216.92113
2.86 28204.759903
2.88 28192.550853
2.9 28180.366636
2.92 28168.233268
2.94 28156.162686
2.96 28144.170344
2.98 28137.374287
3 28131.718994
3.02 28126.103812
3.04 28120.528357
3.06 28114.992259
3.08 28109.504294
3.1 28104.045631
3.12 28098.625255
3.14 28093.242814
3.16 28087.897962
3.18 28082.590359
3.2 28077.328628
3.22 28072.094321
3.24 28066.896261
3.26 28061.734122
3.28 28056.60758
3.3 28051.525298
3.32 28046.468809
3.34 28041.446971
3.36 28036.459475
3.38 28031.506013
3.4 28026.586279
3.42 28018.27181
3.44 28013.014278
3.46 28005.771345
3.48 28000.895592
3.5 27996.155306
3.52 27991.44694
3.54 27986.778868
3.56 27982.13333
3.58 27977.518884
3.6 27972.935259
3.62 27968.382186
3.64 27963.868071
3.66 27959.375137
3.68 27954.911971
3.7 27950.478315
3.72 27946.073916
3.74 27941.698522
3.76 27937.360397
3.78 27933.042099
3.8 27928.752069
3.82 27924.490066
3.84 27920.255852
3.86 27916.049189
3.88 27911.878203
3.9 27905.113526
3.92 27895.237528
3.94 27885.422664
3.96 27875.669798
3.98 27865.98875
4 27856.365561
4.02 27846.81392
4.04 27837.344412
4.06 27827.980821
4.08 27818.78416
4.1 27809.926931
4.12 27801.60385
4.14 27793.468277
4.16 27785.110186
4.18 27776.573256
4.2 27773.132649
4.22 27769.706626
4.24 27766.302141
4.26 27762.919014
4.28 27759.55707
4.3 27756.216136
4.32 27752.904145
4.34 27749.604564
4.36 27746.325485
4.38 27743.066741
4.4 27739.828168
4.42 27736.609602
4.44 27733.418849
4.46 27730.239664
4.48 27727.080006
4.5 27723.939715
4.52 27720.818632
4.54 27717.724571
4.56 27714.64122
4.58 27711.576161
4.6 27707.327039
4.62 27702.186802
4.64 27697.003104
4.66 27692.096787
4.68 27687.000817
4.7 27681.934321
4.72 27676.897108
4.74 27671.888964
4.76 27666.909677
4.78 27661.966754
4.8 27657.044397
4.82 27652.150258
4.84 27647.284129
4.86 27642.445799
4.88 27637.642798
4.9 27632.859312
4.92 27628.103013
4.94 27623.373701
4.96 27618.671178
4.98 27613.995244
5 27609.353315
5.02 27604.729841
5.04 27600.132378
5.06 27595.560736
5.08 27591.014726
5.1 27586.494163
5.12 27582.006352
5.14 27577.536002
5.16 27573.090562
5.18 27568.669872
5.2 27564.273832
5.22 27559.910802
5.24 27556.982057
5.26 27554.712669
5.28 27549.404083
5.3 27547.166965
5.32 27542.933875
5.34 27540.733939
5.36 27538.539071
5.38 27536.356691
5.4 27534.186704
5.42 27532.029019
5.44 27529.883544
5.46 27527.757459
5.48 27525.636009
5.5 27523.526501
5.52 27521.428849
5.54 27519.342964
5.56 27517.276043
5.58 27515.21331
5.6 27513.16209
5.62 27511.122298
5.64 27509.09385
5.66 27507.076664
5.68 27505.07783
5.7 27503.082801
5.72 27497.947845
5.74 27491.934118
5.76 27485.424085
5.78 27478.699356
5.8 27471.912824
5.82 27465.12332
5.84 27458.349461
5.86 27451.599182
5.88 27444.876319
5.9 27438.18997
5.92 27433.634672
5.94 27431.946772
5.96 27430.268048
5.98 27428.598416
6 27426.937811
6.02 27425.293138
6.04 27423.650277
6.06 27422.016251
6.08 27420.390999
6.1 27418.774457
6.12 27417.173549
6.14 27415.574134
6.16 27413.983249
6.18 27412.400835
6.2 27410.826831
6.22 27409.261181
6.24 27407.710705
6.26 27406.161472
6.28 27403.652713
6.3 27400.357569
6.32 27397.999723
7.88 39120.76817
7.9 39026.442319
7.92 38996.004723
7.94 38990.006452
7.96 38984.176969
7.98 38844.501905
8 38693.347939
8.02 38565.755887
8.04 38398.100057
8.06 38243.771798
8.08 38082.930511
8.1 37925.143835
8.12 37770.915459
8.14 37629.722211
8.16 37483.22182
8.18 37338.214704
8.2 37196.467632
8.22 37059.324908
8.24 36931.688958
8.26 36839.804587
8.28 36808.300871
8.3 36797.815029
8.32 36791.62073
8.34 36785.223359
8.36 36678.570043
8.38 36573.794845
8.4 36470.739209
8.42 36369.115684
8.44 36268.068278
8.46 36166.583307
8.48 36061.151697
8.5 35949.902024
8.52 35835.81863
8.54 35721.643398
8.56 35615.298667
8.58 35524.322409
8.6 35413.924573
8.62 35304.962889
8.64 35197.631645
8.66 35091.983957
8.68 34988.003599
8.7 34885.812845
8.72 34785.818951
8.74 34690.56689
8.76 34610.974047
8.78 34542.665549
8.8 34477.309211
8.82 34413.53733
8.84 34351.047579
8.86 34280.685909
8.88 34201.556489
8.9 34117.822498
8.92 34035.184268
8.94 33953.832343
8.96 33873.762865
8.98 33794.956858
9 33717.41268
9.02 33641.064025
9.04 33565.909791
9.06 33491.927057
9.08 33419.093259
9.1 33347.386381
9.12 33287.07091
9.14 33217.49741
9.16 33148.9873
9.18 33081.519927
9.2 33015.074019
9.22 32949.638529
9.24 32884.589667
9.26 32819.867682
9.28 32759.194867
9.3 32697.587374
9.32 32663.734109
9.34 32658.824615
9.36 32622.936591
9.38 32587.513032
9.4 32552.634853
9.42 32503.023249
9.44 32438.240517
9.46 32374.335615
9.48 32311.276814
9.5 32249.094299
9.52 32187.818389
9.54 32127.535359
9.56 32068.545363
9.58 32012.07623
9.6 31964.046941
9.62 31912.578928
9.64 31855.84965
9.66 31799.961541
9.68 31769.022129
9.7 31744.616181
9.72 31720.627523
9.74 31697.008832
9.76 31673.746174
9.78 31650.830497
9.8 31628.264468
9.82 31606.020184
9.84 31584.100721
9.86 31562.498246
9.88 31541.203234
9.9 31520.210095
9.92 31499.450146
9.94 31464.533603
9.96 31420.498228
9.98 31375.819287
10 31327.640016
10.02 31279.978266
10.04 31232.892561
10.06 31186.500538
10.08 31141.007499
10.1 31097.045894
10.12 31057.146245
10.14 31026.530488
10.16 31008.184212
10.18 30969.806782
10.2 30931.697356
10.22 30894.03446
10.24 30882.164297
10.26 30882.150305
10.28 30871.239274
10.3 30837.368005
10.32 30803.912741
10.34 30770.866997
10.36 30738.240132
10.38 30705.993891
10.4 30674.138465
10.42 30642.667843
10.44 30611.576126
10.46 30585.808634
10.48 30555.436594
10.5 30525.426562
10.52 30503.218309
10.54 30473.88447
10.56 30444.896719
10.58 30416.265117
10.6 30387.95349
10.62 30359.972638
10.64 30332.317633
10.66 30315.251874
10.68 30291.820462
10.7 30258.47928
10.72 30227.969403
10.74 30200.741389
10.76 30172.97855
10.78 30147.473124
10.8 30122.271989
10.82 30105.137398
10.84 30099.525193
10.86 30094.131899
10.88 30088.853129
10.9 30083.659298
10.92 30078.55019
10.94 30073.480578
10.96 30047.125248
10.98 30020.51269
11 29994.175718
11.02 29968.110795
11.04 29942.328761
11.06 29925.357673
11.08 29917.986012
11.1 29911.076613
11.12 29898.506677
11.14 29870.296286
11.16 29841.134781
11.18 29812.483181
11.2 29792.458992
11.22 29788.840259
11.24 29786.299216
11.26 29783.927833
11.28 29781.609201
11.3 29779.332643
11.32 29777.085954
11.34 29772.25189
11.36 29752.048515
11.38 29732.06687
11.4 29716.453793
11.42 29696.852465
11.44 29683.741466
11.46 29664.528205
11.48 29645.510835
11.5 29626.672635
11.52 29608.30325
11.54 29589.700514
11.56 29571.29048
11.58 29568.791507
11.6 29555.453795
11.62 29542.422967
11.64 29542.336835
11.66 29542.272471
11.68 29542.215317
11.7 29542.158263
11.72 29542.106275
11.74 29542.016512
11.76 29541.815421
11.78 29530.826867
11.8 29507.932701
11.82 29487.929366
11.84 29470.2289
11.86 29446.795871
11.88 29424.252181
11.9 29410.903328
11.92 29408.708783
11.94 29407.40784
11.96 29406.298575
11.98 29405.287743
12 29402.748036
12.02 29392.820904
12.04 29377.132602
12.06 29361.602491
12.08 29349.970271
12.1 29334.702873
12.12 29319.576608
12.14 29310.244863
12.16 29295.389129
12.18 29288.110598
12.2 29278.738789
12.22 29259.4822
12.24 29238.716712
12.26 29223.061138
12.28 29207.882022
12.3 29189.542976
12.32 29175.738729
12.34 29162.058511
12.36 29148.500794
12.38 29135.075872
12.4 29127.179152
12.42 29113.962886
12.44 29100.863676
12.46 29087.880184
12.48 29075.011093
12.5 29064.984296
12.52 29064.578046
12.54 29064.18701
12.56 29063.7437
12.58 29063.138897
12.6 29062.07905
12.62 29059.236631
12.64 29046.528777
12.66 29027.96319
12.68 29009.125127
12.7 28990.320023
12.72 28971.622956
12.74 28953.039104
12.76 28934.597289
12.78 28916.311985
12.8 28898.19894
12.82 28880.279245
12.84 28862.596476
12.86 28850.639034
12.88 28835.765696
12.9 28824.047298
12.92 28813.409138
12.94 28802.859475
12.96 28792.408019
12.98 28782.032197
13 28773.810902
13.02 28766.463632
13.04 28756.327486
13.06 28746.28507
13.08 28736.313821
13.1 28726.423845
13.12 28716.61428
13.14 28706.884269
13.16 28697.232956
13.18 28687.669927
13.2 28678.172871
13.22 28668.681173
13.24 28656.71013
13.26 28645.385345
13.28 28636.200218
13.3 28627.100942
13.32 28618.063703
13.34 28609.098124
13.36 28600.203442
13.38 28591.378919
13.4 28582.634088
13.42 28570.871983
13.44 28562.262026
13.46 28553.3821
13.48 28543.897672
13.5 28536.833179
13.52 28528.498389
13.54 28520.217923
13.56 28512.001425
13.58 28503.848255
13.6 28495.757779
13.62 28487.729372
13.64 28479.772252
13.66 28471.865906
13.68 28464.019801
13.7 28456.233341
13.72 28448.505937
13.74 28440.846869
13.76 28433.235615
13.78 28425.681697
13.8 28418.184555
13.82 28410.743635
