2.5 29332.371858
2.52 29321.352287
2.54 29310.903372
2.56 29310.578538
2.58 29310.449975
2.6 29310.360082
2.62 29310.293049
2.64 29310.220057
2.66 29310.144622
2.68 29309.047374
2.7 29297.595441
2.72 29289.253678
2.74 29275.864243
2.76 29263.735693
2.78 29252.6054
2.8 29241.553799
2.82 29230.58012
2.84 29218.404031
2.86 29202.085583
2.88 29185.98886
2.9 29170.345168
2.92 29157.523548
2.94 29144.812316
2.96 29132.193712
2.98 29119.652331
3 29107.194524
3.02 29094.819577
3.04 29082.526875
3.06 29070.316707
3.08 29066.306331
3.1 29065.535829
3.12 29065.030882
3.14 29064.624937
3.16 29055.309031
3.18 29045.622596
3.2 29036.010755
3.22 29026.454815
3.24 29016.963358
3.26 29007.535818
3.28 28998.171636
3.3 28988.879238
3.32 28979.639927
3.34 28970.46233
3.36 28961.345912
3.38 28952.290141
3.4 28943.294492
3.42 28932.9497
3.44 28918.491774
3.46 28904.137032
3.48 28889.892898
3.5 28875.7696
3.52 28861.782323
3.54 28847.963583
3.56 28834.335715
3.58 28820.975728
3.6 28807.996656
3.62 28795.508139
3.64 28783.183751
3.66 28770.300435
3.68 28757.057235
3.7 28743.73042
3.72 28730.41817
3.74 28717.156291
3.76 28703.968938
3.78 28690.847132
3.8 28677.804787
3.82 28664.84615
3.84 28651.976023
3.86 28641.441622
3.88 28633.573846
3.9 28626.39626
3.92 28619.26458
3.94 28612.177985
3.96 28605.136039
3.98 28598.146733
4 28591.192778
4.02 28584.282354
4.04 28577.415103
4.06 28570.590673
4.08 28563.808716
4.1 28557.077119
4.12 28550.378924
4.14 28543.722202
4.16 28537.106729
4.18 28532.348709
4.2 28531.514033
4.22 28530.269246
4.24 28528.043571
4.26 28523.374293
4.28 28514.479511
4.3 28503.348736
4.32 28491.846874
4.34 28480.29198
4.36 28473.154296
4.38 28463.705235
4.4 28457.10701
4.42 28451.004823
4.44 28444.94735
4.46 28438.918201
4.48 28432.925207
4.5 28426.968084
4.52 28421.046552
4.54 28415.168314
4.56 28409.316983
4.58 28403.500419
4.6 28397.718353
4.62 28391.970515
4.64 28386.256641
4.66 28380.584321
4.68 28374.937449
4.7 28369.323764
4.72 28363.743012
4.74 28358.19494
4.76 28352.679297
4.78 28347.203557
4.8 28341.751892
4.82 28336.331921
4.84 28330.943402
4.86 28325.586076
4.88 28317.934825
4.9 28311.974606
4.92 28301.607323
4.94 28291.311186
4.96 28281.096933
4.98 28270.986907
5 28261.041238
5.02 28251.389546
5.04 28242.446618
5.06 28234.998438
5.08 28229.606495
5.1 28226.070017
5.12 28223.76562
5.14 28222.158634
5.16 28220.922218
5.18 28219.869637
5.2 28218.878878
5.22 28215.552958
5.24 28208.853201
5.26 28202.183261
5.28 28195.548642
5.3 28188.949622
5.32 28182.386087
5.34 28175.865223
5.36 28169.371909
5.38 28162.913426
5.4 28156.489537
5.42 28150.100004
5.44 28143.74459
5.46 28137.430328
5.48 28131.142318
5.5 28124.887721
5.52 28118.66629
5.54 28111.895306
5.56 28102.828906
5.58 28093.785284
5.6 28084.775067
5.62 28075.800509
5.64 28066.863254
5.66 28057.964516
5.68 28053.19693
5.7 28047.898648
5.72 28042.105572
5.74 28038.197075
5.76 28034.309594
5.78 28030.450153
5.8 28026.604115
5.82 28022.778636
5.84 28018.973562
5.86 28015.188715
5.88 28011.423523
5.9 28006.495528
5.92 28001.886713
5.94 27998.185607
5.96 27994.504091
5.98 27990.842013
6 27987.199237
6.02 27983.582599
6.04 27979.977911
6.06 27976.392129
6.08 27972.825123
6.1 27969.276763
6.12 27965.753906
6.14 27962.242345
6.16 27955.281983
6.18 27947.091865
6.2 27938.941069
6.22 27930.829529
6.24 27922.764042
6.26 27914.730756
6.28 27906.736645
6.3 27899.689219
6.32 27894.625257
8.56 39076.12282
8.58 38955.081666
8.6 38836.136896
8.62 38772.435098
8.64 38770.642241
8.66 38769.126327
8.68 38682.746428
8.7 38560.389134
8.72 38424.264989
8.74 38347.827536
8.76 38299.876643
8.78 38174.478483
8.8 38050.831284
8.82 37928.977427
8.84 37808.885165
8.86 37699.274282
8.88 37693.909047
8.9 37600.964697
8.92 37483.26415
8.94 37367.341681
8.96 37253.186787
8.98 37140.771106
9 37030.087151
9.02 36921.067744
9.04 36813.724663
9.06 36708.108115
9.08 36604.693213
9.1 36504.064983
9.12 36404.352387
9.14 36305.52566
9.16 36207.883372
9.18 36122.366838
9.2 36027.442141
9.22 35934.077052
9.24 35842.495013
9.26 35753.8136
9.28 35675.639537
9.3 35639.74718
9.32 35630.18439
9.34 35571.488542
9.36 35502.324389
9.38 35415.940609
9.4 35326.323969
9.42 35237.610635
9.44 35149.964119
9.46 35063.425095
9.48 34977.957564
9.5 34893.58407
9.52 34810.326574
9.54 34728.290177
9.56 34648.226487
9.58 34579.083178
9.6 34507.70565
9.62 34429.49688
9.64 34352.260053
9.66 34276.539402
9.68 34250.635423
9.7 34250.08363
9.72 34216.033786
9.74 34167.309058
9.76 34119.260743
9.78 34071.875388
9.8 34025.105328
9.82 33979.012231
9.84 33933.546274
9.86 33888.695769
9.88 33844.433136
9.9 33782.577087
9.92 33720.098892
9.94 33658.358937
9.96 33597.347389
9.98 33537.054095
10 33477.468973
10.02 33432.990705
10.04 33396.141758
10.06 33359.209471
10.08 33299.463652
10.1 33237.26529
10.12 33175.761744
10.14 33114.976191
10.16 33054.873958
10.18 32995.470316
10.2 32936.772431
10.22 32878.811922
10.24 32821.73407
10.26 32766.364337
10.28 32721.442439
10.3 32676.085473
10.32 32658.73715
10.34 32628.473684
10.36 32598.693007
10.38 32569.308487
10.4 32531.994384
10.42 32486.226752
10.44 32440.99295
10.46 32401.541791
10.48 32357.331211
10.5 32313.631098
10.52 32270.433934
10.54 32227.732338
10.56 32185.519056
10.58 32143.802226
10.6 32102.543781
10.62 32061.752664
10.64 32021.422119
10.66 31981.545513
10.68 31942.116329
10.7 31903.142947
10.72 31864.588996
10.74 31826.463611
10.76 31796.165736
10.78 31772.163893
10.8 31751.430432
10.82 31729.6979
10.84 31703.730351
10.86 31667.072217
10.88 31625.713967
10.9 31583.73479
10.92 31541.898548
10.94 31500.372399
10.96 31459.255147
10.98 31418.616645
11 31378.574968
11.02 31341.709513
11.04 31312.387093
11.06 31277.266376
11.08 31255.22953
11.1 31238.071758
11.12 31221.897603
11.14 31206.176643
11.16 31190.744814
11.18 31175.536471
11.2 31160.513294
11.22 31145.64527
11.24 31126.89124
11.26 31094.722782
11.28 31062.849303
11.3 31031.283774
11.32 31000.022535
11.34 30969.061872
11.36 30938.398118
11.38 30908.041023
11.4 30889.038163
11.42 30882.101253
11.44 30878.961658
11.46 30855.35247
11.48 30824.602962
11.5 30791.283356
11.52 30761.143125
11.54 30744.715244
11.56 30732.332737
11.58 30720.871117
11.6 30709.806096
11.62 30698.968976
11.64 30688.293696
11.66 30677.738384
11.68 30667.266125
11.7 30656.827318
11.72 30633.86731
11.74 30609.549703
11.76 30585.463817
11.78 30561.606817
11.8 30542.104103
11.82 30518.695034
11.84 30495.493731
11.86 30472.510479
11.88 30449.742641
11.9 30427.187622
11.92 30404.842861
11.94 30382.718088
11.96 30358.06263
11.98 30339.056663
12 30317.527738
12.02 30296.196822
12.04 30275.061568
12.06 30254.131607
12.08 30233.380425
12.1 30212.818057
12.12 30192.44227
12.14 30174.20322
12.16 30158.175539
12.18 30138.325599
12.2 30118.654564
12.22 30099.15983
12.24 30079.839257
12.26 30060.690802
12.28 30041.724156
12.3 30031.06276
12.32 30027.53123
12.34 30024.020469
12.36 30020.503539
12.38 30016.875903
12.4 30007.375079
12.42 29985.489369
12.44 29966.569287
12.46 29942.736087
12.48 29919.040846
12.5 29906.798706
12.52 29903.677128
12.54 29900.994375
12.56 29898.409246
12.58 29895.872355
12.6 29893.367772
12.62 29890.897541
12.64 29880.115865
12.66 29860.641248
12.68 29841.32344
12.7 29822.161051
12.72 29806.391304
12.74 29802.153162
12.76 29798.003051
12.78 29792.739748
12.8 29772.477703
12.82 29750.363185
12.84 29729.776185
12.86 29724.697835
12.88 29723.17332
12.9 29709.643068
12.92 29694.216175
12.94 29682.397244
12.96 29667.22091
12.98 29657.413086
13 29642.455015
13.02 29627.617603
13.04 29615.181823
13.06 29614.625957
13.08 29614.059777
13.1 29613.483082
13.12 29612.854607
13.14 29610.214606
13.16 29593.076904
13.18 29579.932405
13.2 29577.740756
13.22 29562.905546
13.24 29553.374522
13.26 29553.220743
13.28 29553.084978
13.3 29552.965981
13.32 29552.838672
13.34 29552.710167
13.36 29552.574629
13.38 29544.853402
13.4 29534.53671
13.42 29521.01268
13.44 29507.592172
13.46 29494.274158
13.48 29481.057519
13.5 29464.694962
13.52 29451.697408
13.54 29442.016894
13.56 29429.19617
13.58 29416.472041
13.6 29404.082094
13.62 29396.151968
13.64 29394.095213
13.66 29393.403951
13.68 29387.935514
13.7 29373.231958
13.72 29358.633429
13.74 29356.061253
13.76 29355.587974
13.78 29355.004873
13.8 29353.868584
13.82 29346.619492
