2.5 29429.632661
2.52 29428.752927
2.54 29416.209323
2.56 29402.882463
2.58 29402.620593
2.6 29402.192983
2.62 29401.094737
2.64 29393.587518
2.66 29382.216748
2.68 29365.655284
2.7 29352.936543
2.72 29351.750007
2.74 29351.230532
2.76 29350.816572
2.78 29350.441887
2.8 29350.081252
2.82 29349.719424
2.84 29349.33748
2.86 29348.899425
2.88 29345.460088
2.9 29331.862688
2.92 29323.906544
2.94 29314.150382
2.96 29303.580445
2.98 29292.533634
3 29281.563004
3.02 29270.667886
3.04 29259.847603
3.06 29249.101487
3.08 29238.438014
3.1 29227.83806
3.12 29217.310314
3.14 29206.854135
3.16 29196.468893
3.18 29186.153959
3.2 29175.917679
3.22 29165.741324
3.24 29155.633444
3.26 29145.593438
3.28 29135.620715
3.3 29128.363468
3.32 29118.727664
3.34 29108.946127
3.36 29099.229597
3.38 29089.577509
3.4 29079.989308
3.42 29070.473258
3.44 29062.132923
3.46 29055.842721
3.48 29046.494011
3.5 29035.505134
3.52 29023.779218
3.54 29014.335504
3.56 29002.772572
3.58 28993.741552
3.6 28984.769146
3.62 28975.854856
3.64 28967.006861
3.66 28958.207164
3.68 28949.464128
3.7 28940.777279
3.72 28932.146147
3.74 28923.570265
3.76 28915.057686
3.78 28906.590759
3.8 28898.177715
3.82 28889.818109
3.84 28881.511498
3.86 28873.257444
3.88 28865.063874
3.9 28856.913472
3.92 28848.814342
3.94 28840.766062
3.96 28832.768217
3.98 28824.828773
4 28816.930401
4.02 28809.081243
4.04 28801.280897
4.06 28793.528967
4.08 28785.82506
4.1 28778.177015
4.12 28767.120048
4.14 28754.429879
4.16 28741.694267
4.18 28728.981164
4.2 28716.325355
4.22 28703.722481
4.24 28691.187609
4.26 28678.72509
4.28 28666.338427
4.3 28654.031137
4.32 28641.81556
4.34 28629.681231
4.36 28617.64524
4.38 28605.721912
4.4 28593.936157
4.42 28582.334938
4.44 28571.023761
4.46 28560.215311
4.48 28550.498543
4.5 28543.103117
4.52 28538.848782
4.54 28536.696034
4.56 28535.466639
4.58 28534.633624
4.6 28533.975171
4.62 28533.379949
4.64 28532.770008
4.66 28532.062847
4.68 28526.878219
4.7 28518.654075
4.72 28510.475679
4.74 28502.343363
4.76 28494.256873
4.78 28486.223617
4.8 28478.227689
4.82 28470.276623
4.84 28462.37009
4.86 28454.507737
4.88 28445.356424
4.9 28434.488414
4.92 28423.677515
4.94 28412.925098
4.96 28402.232172
4.98 28391.845307
5 28386.345046
5.02 28377.363717
5.04 28371.925824
5.06 28366.519017
5.08 28361.142857
5.1 28355.797108
5.12 28350.489028
5.14 28345.203258
5.16 28339.947076
5.18 28334.485903
5.2 28327.331489
5.22 28322.091315
5.24 28316.956788
5.26 28311.850928
5.28 28306.773519
5.3 28301.724352
5.32 28296.703222
5.34 28291.71731
5.36 28286.751516
5.38 28281.813154
5.4 28276.902026
5.42 28272.017937
5.44 28267.160689
5.46 28262.337363
5.48 28257.533099
5.5 28252.755104
5.52 28245.464581
5.54 28236.651045
5.56 28227.690405
5.58 28218.504659
5.6 28209.209652
5.62 28199.884256
5.64 28190.565534
5.66 28181.270883
5.68 28172.016238
5.7 28162.791996
5.72 28154.122178
5.74 28147.921678
5.76 28141.754145
5.78 28135.62582
5.8 28129.521967
5.82 28123.449669
5.84 28117.408712
5.86 28111.398883
5.88 28105.419973
5.9 28099.478853
5.92 28093.561047
5.94 28087.673551
5.96 28081.81617
5.98 28075.988725
6 28070.191123
6.02 28064.436715
6.04 28060.449398
6.06 28056.593435
6.08 28052.757759
6.1 28048.942109
6.12 28045.153307
6.14 28041.377133
6.16 28037.620544
6.18 28033.883408
6.2 28030.165591
6.22 28026.466961
6.24 28022.794269
6.26 28019.133509
6.28 28013.352647
6.3 28008.816469
6.32 28004.020257
8.66 39778.588471
8.68 39155.374995
8.7 39037.977779
8.72 38832.444531
8.74 38809.029986
8.76 38762.892508
8.78 38761.289202
8.8 38655.720142
8.82 38522.324011
8.84 38390.989585
8.86 38347.823291
8.88 38297.588633
8.9 38176.062174
8.92 38056.186092
8.94 37938.000365
8.96 37821.474556
8.98 37706.76329
9 37697.00614
9.02 37638.552638
9.04 37524.328704
9.06 37411.736021
9.08 37300.805464
9.1 37191.512913
9.12 37083.851906
9.14 36977.756776
9.16 36873.230781
9.18 36770.278402
9.2 36669.019438
9.22 36570.467239
9.24 36484.908654
9.26 36388.27645
9.28 36292.885248
9.3 36198.77808
9.32 36105.987911
9.34 36014.577018
9.36 35924.595031
9.38 35836.323506
9.4 35750.828438
9.42 35675.295284
9.44 35639.102562
9.46 35629.380655
9.48 35554.475674
9.5 35465.52078
9.52 35377.639017
9.54 35290.874684
9.56 35205.290011
9.58 35120.983251
9.6 35038.611957
9.62 34962.823315
9.64 34891.462475
9.66 34811.157686
9.68 34731.553961
9.7 34652.89216
9.72 34575.249828
9.74 34498.754474
9.76 34424.056015
9.78 34357.556285
9.8 34306.761383
9.82 34259.560247
9.84 34250.231275
9.86 34249.84735
9.88 34249.316174
9.9 34230.331029
9.92 34183.578708
9.94 34134.440233
9.96 34070.000021
9.98 34006.205691
10 33943.118822
10.02 33880.76596
10.04 33819.110343
10.06 33758.163299
10.08 33708.521447
10.1 33669.828002
10.12 33631.059663
10.14 33572.404838
10.16 33508.939185
10.18 33446.148113
10.2 33384.055283
10.22 33322.658634
10.24 33261.969998
10.26 33201.956221
10.28 33142.642898
10.3 33084.076988
10.32 33026.550977
10.34 32975.262864
10.36 32930.422609
10.38 32874.454151
10.4 32821.749839
10.42 32782.472991
10.44 32753.949967
10.46 32725.871444
10.48 32698.137967
10.5 32670.779152
10.52 32656.185384
10.54 32615.806594
10.56 32570.722957
10.58 32526.16549
10.6 32482.09594
10.62 32438.522903
10.64 32395.439254
10.66 32352.837981
10.68 32310.71219
10.7 32269.069886
10.72 32227.874325
10.74 32187.13427
10.76 32146.843284
10.78 32106.995041
10.8 32067.598156
10.82 32028.616347
10.84 31990.058957
10.86 31959.444813
10.88 31938.188912
10.9 31916.464121
10.92 31890.17877
10.94 31852.579707
10.96 31810.384805
10.98 31767.682819
11 31725.147848
11.02 31682.949032
11.04 31641.169548
11.06 31599.833263
11.08 31565.648221
11.1 31532.076842
11.12 31493.862528
11.14 31465.9948
11.16 31433.460394
11.18 31406.80983
11.2 31389.556078
11.22 31372.84875
11.24 31356.467516
11.26 31340.333142
11.28 31324.39741
11.3 31308.635207
11.32 31293.019548
11.34 31270.925783
11.36 31238.388781
11.38 31206.173265
11.4 31174.249961
11.42 31142.628909
11.44 31111.306477
11.46 31080.279076
11.48 31049.556461
11.5 31023.103493
11.52 31011.857657
11.54 31000.592138
11.56 30977.956552
11.58 30944.867988
11.6 30913.995886
11.62 30887.541896
11.64 30877.105016
11.66 30864.169435
11.68 30852.070956
11.7 30840.344952
11.72 30828.848031
11.74 30817.510532
11.76 30806.296809
11.78 30795.172879
11.8 30784.093828
11.82 30772.978335
11.84 30749.310228
11.86 30724.76282
11.88 30700.444494
11.9 30676.352503
11.92 30652.484142
11.94 30632.923773
11.96 30609.480669
11.98 30586.253399
12 30559.322953
12.02 30536.415643
12.04 30513.681822
12.06 30491.470132
12.08 30469.297272
12.1 30447.325374
12.12 30429.506679
12.14 30407.91674
12.16 30386.532872
12.18 30365.328522
12.2 30344.313771
12.22 30323.486356
12.24 30302.843738
12.26 30282.190981
12.28 30262.121759
12.3 30247.871478
12.32 30227.930248
12.34 30208.164124
12.36 30188.57111
12.38 30169.160959
12.4 30149.907992
12.42 30130.822338
12.44 30111.902119
12.46 30106.070311
12.48 30102.129797
12.5 30098.170338
12.52 30093.851157
12.54 30077.14534
12.56 30058.239213
12.58 30034.838967
12.6 30010.559173
12.62 29987.23256
12.64 29977.171311
12.66 29973.791618
12.68 29970.743171
12.7 29967.783953
12.72 29964.88404
12.74 29962.006662
12.76 29959.154716
12.78 29956.317983
12.8 29939.188526
12.82 29919.837291
12.84 29900.649499
12.86 29881.605498
12.88 29875.322094
12.9 29866.382113
12.92 29855.723144
12.94 29838.872427
12.96 29816.853978
12.98 29795.034814
13 29779.502393
13.02 29776.965489
13.04 29775.236265
13.06 29773.621819
13.08 29762.404949
13.1 29749.509901
13.12 29735.311975
13.14 29720.224118
13.16 29706.416844
13.18 29695.57292
13.2 29680.823964
13.22 29666.190787
13.24 29651.916654
13.26 29651.086462
13.28 29650.247116
13.3 29649.234326
13.32 29642.040894
13.34 29623.24433
13.36 29608.154476
13.38 29606.941372
13.4 29605.342317
13.42 29589.06417
13.44 29574.459101
13.46 29574.179917
13.48 29573.911646
13.5 29573.647993
13.52 29573.39494
13.54 29573.126223
13.56 29572.834458
13.58 29572.366395
13.6 29559.095138
13.62 29550.68614
13.64 29543.172448
13.66 29533.221734
13.68 29520.153399
13.7 29507.181896
13.72 29494.306293
13.74 29483.324121
13.76 29473.646818
13.78 29461.040031
13.8 29448.525595
13.82 29436.102634
