2.5 29588.269154
2.52 29575.252014
2.54 29569.480295
2.56 29569.258168
2.58 29560.902719
2.6 29549.893564
2.62 29549.802001
2.64 29549.692786
2.66 29549.552158
2.68 29545.774451
2.7 29535.93602
2.72 29521.536725
2.74 29518.291559
2.76 29516.566593
2.78 29515.107401
2.8 29513.741406
2.82 29512.414584
2.84 29511.098387
2.86 29509.773607
2.88 29503.413532
2.9 29491.347613
2.92 29479.36537
2.94 29467.466017
2.96 29455.171398
2.98 29443.922499
3 29432.26732
3.02 29420.692153
3.04 29409.196274
3.06 29397.778978
3.08 29386.448695
3.1 29375.730243
3.12 29366.942133
3.14 29355.824674
3.16 29345.795697
3.18 29338.239331
3.2 29327.343217
3.22 29323.660928
3.24 29323.497268
3.26 29323.337816
3.28 29323.17283
3.3 29322.994977
3.32 29322.735076
3.34 29322.036984
3.36 29314.719615
3.38 29306.863855
3.4 29294.100535
3.42 29292.046051
3.44 29291.47357
3.46 29283.026077
3.48 29270.542856
3.5 29258.138141
3.52 29245.811426
3.54 29233.570744
3.56 29221.397991
3.58 29209.301378
3.6 29197.280289
3.62 29185.334119
3.64 29173.470939
3.66 29161.672658
3.68 29149.947596
3.7 29138.29557
3.72 29128.825056
3.74 29128.016305
3.76 29126.950422
3.78 29125.205861
3.8 29121.707737
3.82 29114.419181
3.84 29103.206386
3.86 29090.169543
3.88 29076.567269
3.9 29063.302056
3.92 29052.87385
3.94 29040.773023
3.96 29027.382745
3.98 29013.640139
4 28999.79244
4.02 28985.939201
4.04 28972.118939
4.06 28958.350502
4.08 28944.64416
4.1 28931.014268
4.12 28917.448233
4.14 28903.957424
4.16 28890.544517
4.18 28878.978374
4.2 28868.971144
4.22 28859.014796
4.24 28849.118187
4.26 28840.312809
4.28 28832.591781
4.3 28824.918516
4.32 28817.299843
4.34 28809.718932
4.36 28802.183653
4.38 28794.693638
4.4 28787.248526
4.42 28779.847964
4.44 28772.499571
4.46 28769.474351
4.48 28768.34871
4.5 28766.964294
4.52 28765.020892
4.54 28761.937658
4.56 28756.769867
4.58 28748.974565
4.6 28739.182199
4.62 28728.330321
4.64 28716.977546
4.66 28705.39802
4.68 28693.704335
4.7 28681.970527
4.72 28673.976254
4.74 28667.242451
4.76 28656.875181
4.78 28650.235241
4.8 28643.62599
4.82 28637.054898
4.84 28630.521673
4.86 28624.026027
4.88 28617.575413
4.9 28611.153942
4.92 28604.769212
4.94 28598.420949
4.96 28592.108881
4.98 28585.832736
5 28579.599859
5.02 28573.394629
5.04 28567.22453
5.06 28561.089304
5.08 28554.988694
5.1 28548.922447
5.12 28542.897807
5.14 28536.899451
5.16 28530.937189
5.18 28528.510039
5.2 28522.608494
5.22 28516.74305
5.24 28508.071025
5.26 28501.612861
5.28 28493.54464
5.3 28487.812925
5.32 28482.112904
5.34 28476.451722
5.36 28470.814253
5.38 28465.207787
5.4 28459.6321
5.42 28454.086971
5.44 28448.572179
5.46 28443.094777
5.48 28437.639863
5.5 28431.453833
5.52 28424.166502
5.54 28416.917415
5.56 28409.713672
5.58 28402.54034
5.6 28395.404575
5.62 28388.306124
5.64 28381.244734
5.66 28374.220154
5.68 28367.239305
5.7 28360.287476
5.72 28353.371715
5.74 28346.491777
5.76 28339.647422
5.78 28332.845593
5.8 28326.071564
5.82 28319.332403
5.84 28312.627874
5.86 28305.957741
5.88 28299.321764
5.9 28292.726755
5.92 28286.158001
5.94 28279.061534
5.96 28269.998989
5.98 28261.086759
6 28252.360731
6.02 28243.830626
6.04 28235.356106
6.06 28226.717515
6.08 28217.889776
6.1 28208.971578
6.12 28201.242498
6.14 28196.93281
6.16 28192.64546
6.18 28188.380216
6.2 28184.136924
6.22 28179.915435
6.24 28175.722482
6.26 28171.544042
6.28 28167.386959
6.3 28163.251074
6.32 28159.136187
8.84 39003.47573
8.86 38893.141749
8.88 38876.139442
8.9 38814.305014
8.92 38784.179071
8.94 38752.950042
8.96 38748.128711
8.98 38631.777064
9 38507.613435
9.02 38385.074662
9.04 38275.10309
9.06 38156.225984
9.08 38038.629559
9.1 37923.015652
9.12 37809.806729
9.14 37714.151552
9.16 37703.024409
9.18 37673.09848
9.2 37572.245716
9.22 37467.777958
9.24 37361.238425
9.26 37254.291926
9.28 37147.83187
9.3 37042.267283
9.32 36937.79021
9.34 36834.561515
9.36 36756.241144
9.38 36655.744234
9.4 36556.330719
9.42 36458.719948
9.44 36364.362228
9.46 36278.929537
9.48 36204.813136
9.5 36135.191637
9.52 36067.466891
9.54 36001.03024
9.56 35935.688605
9.58 35871.332202
9.6 35807.921514
9.62 35745.421814
9.64 35683.806465
9.66 35623.071025
9.68 35587.207011
9.7 35509.86476
9.72 35445.770472
9.74 35388.261057
9.76 35331.511163
9.78 35275.492348
9.8 35220.177641
9.82 35165.451642
9.84 35103.938593
9.86 35030.787439
9.88 34958.558977
9.9 34887.256958
9.92 34816.832005
9.94 34747.288462
9.96 34678.612524
9.98 34605.452266
10 34532.234195
10.02 34459.870126
10.04 34388.339157
10.06 34317.739035
10.08 34250.461954
10.1 34199.46321
10.12 34154.58673
10.14 34097.425394
10.16 34036.71686
10.18 33976.738076
10.2 33917.478353
10.22 33858.926914
10.24 33801.089345
10.26 33749.374013
10.28 33692.871968
10.3 33637.035495
10.32 33581.854743
10.34 33527.320032
10.36 33473.437546
10.38 33420.165887
10.4 33367.512123
10.42 33315.46721
10.44 33264.02221
10.46 33213.184124
10.48 33162.912222
10.5 33113.214386
10.52 33064.082286
10.54 33015.507751
10.56 32967.482734
10.58 32928.079456
10.6 32881.095949
10.62 32834.638872
10.64 32794.926217
10.66 32767.71675
10.68 32740.827886
10.7 32714.270082
10.72 32688.013008
10.74 32663.386122
10.76 32655.275756
10.78 32610.919305
10.8 32574.218407
10.82 32524.905824
10.84 32475.90442
10.86 32427.340261
10.88 32379.238014
10.9 32331.604226
10.92 32284.454597
10.94 32237.76079
10.96 32191.543534
10.98 32145.834198
11 32100.922835
11.02 32066.525867
11.04 32044.237653
11.06 32023.675813
11.08 32003.820294
11.1 31984.353266
11.12 31965.171584
11.14 31944.419504
11.16 31915.227598
11.18 31895.014668
11.2 31874.990967
11.22 31855.132429
11.24 31835.393632
11.26 31815.67454
11.28 31795.596596
11.3 31773.334576
11.32 31742.080137
11.34 31703.956141
11.36 31664.71095
11.38 31625.482952
11.4 31586.491958
11.42 31547.841604
11.44 31509.593284
11.46 31471.835987
11.48 31437.637598
11.5 31410.812979
11.52 31374.788285
11.54 31350.736302
11.56 31334.032542
11.58 31318.49632
11.6 31303.426697
11.62 31288.632572
11.64 31274.045801
11.66 31259.628905
11.68 31233.618634
11.7 31205.396958
11.72 31177.455931
11.74 31149.766795
11.76 31122.339243
11.78 31095.170085
11.8 31068.256179
11.82 31041.607016
11.84 31019.382537
11.86 30993.201341
11.88 30967.26339
11.9 30941.565773
11.92 30916.10562
11.94 30890.892367
11.96 30874.70993
11.98 30857.450759
12 30831.615708
12.02 30802.098537
12.04 30774.366196
12.06 30750.481964
12.08 30726.801582
12.1 30703.334814
12.12 30680.079191
12.14 30657.032264
12.16 30634.203601
12.18 30611.566522
12.2 30593.562875
12.22 30574.325299
12.24 30549.785826
12.26 30526.904722
12.28 30520.163116
12.3 30513.491021
12.32 30506.887755
12.34 30500.346649
12.36 30493.860539
12.38 30487.427322
12.4 30480.987847
12.42 30474.252381
12.44 30452.448086
12.46 30426.022296
12.48 30399.576183
12.5 30373.467517
12.52 30348.216319
12.54 30325.966909
12.56 30310.722102
12.58 30304.229776
12.6 30297.594447
12.62 30290.846975
12.64 30284.213391
12.66 30277.67674
12.68 30271.204608
12.7 30260.187129
12.72 30238.908312
12.74 30217.78588
12.76 30196.830685
12.78 30176.041112
12.8 30155.415548
12.82 30140.835127
12.84 30136.913273
12.86 30132.923923
12.88 30126.034455
12.9 30106.527319
12.92 30088.171559
12.94 30066.565675
12.96 30043.342732
12.98 30021.635006
13 30014.391148
13.02 30005.144967
13.04 29988.423979
13.06 29971.847084
13.08 29955.391225
13.1 29939.066017
13.12 29926.329007
13.14 29910.711381
13.16 29899.526801
13.18 29883.696104
13.2 29867.978913
13.22 29852.384697
13.24 29836.912208
13.26 29824.206464
13.28 29822.37356
13.3 29820.553009
13.32 29818.694193
13.34 29816.637653
13.36 29807.041332
13.38 29790.762715
13.4 29770.392914
13.42 29751.436557
13.44 29747.084455
13.46 29745.204639
13.48 29728.384779
13.5 29711.685108
13.52 29696.336056
13.54 29693.739057
13.56 29691.226006
13.58 29688.753318
13.6 29686.29965
13.62 29683.949589
13.64 29682.58365
13.66 29681.535323
13.68 29679.979782
13.7 29667.485781
13.72 29648.563076
13.74 29635.8203
13.76 29633.298832
13.78 29619.907521
13.8 29606.614067
13.82 29596.584845
