2.5 29593.795526
2.52 29591.953472
2.54 29590.128452
2.56 29576.073299
2.58 29569.038477
2.6 29568.817181
2.62 29568.596511
2.64 29568.325594
2.66 29562.845683
2.68 29549.261488
2.7 29541.70936
2.72 29541.107786
2.74 29541.021837
2.76 29540.973997
2.78 29540.93954
2.8 29540.909272
2.82 29540.111336
2.84 29527.78997
2.86 29515.563895
2.88 29506.445737
2.9 29494.371747
2.92 29482.379969
2.94 29469.150108
2.96 29455.658609
2.98 29446.916953
3 29435.254089
3.02 29423.671294
3.04 29412.16784
3.06 29400.74307
3.08 29389.405331
3.1 29378.135459
3.12 29371.400789
3.14 29360.27194
3.16 29349.218341
3.18 29345.427462
3.2 29345.114949
3.22 29344.81052
3.24 29344.508606
3.26 29344.194507
3.28 29343.838682
3.3 29343.341955
3.32 29341.667928
3.34 29331.136387
3.36 29322.462636
3.38 29309.724
3.4 29309.282046
3.42 29308.231645
3.44 29295.589877
3.46 29291.171906
3.48 29290.956133
3.5 29290.767557
3.52 29290.57054
3.54 29283.36258
3.56 29273.113068
3.58 29262.92986
3.6 29252.812397
3.62 29242.760126
3.64 29232.781169
3.66 29222.857473
3.68 29212.997347
3.7 29203.20026
3.72 29193.465688
3.74 29183.7931
3.76 29169.698748
3.78 29155.981433
3.8 29143.40495
3.82 29130.691897
3.84 29116.701163
3.86 29102.622694
3.88 29089.018017
3.9 29077.022739
3.92 29069.706454
3.94 29067.02697
3.96 29065.927992
3.98 29065.312379
4 29063.486352
4.02 29054.629544
4.04 29045.827541
4.06 29037.079905
4.08 29028.386196
4.1 29019.754213
4.12 29011.166904
4.14 29002.632237
4.16 28994.149792
4.18 28985.719151
4.2 28977.348148
4.22 28969.019724
4.24 28960.74188
4.26 28952.514216
4.28 28944.336334
4.3 28936.207841
4.32 28925.109284
4.34 28911.929429
4.36 28898.837238
4.38 28885.838532
4.4 28872.941357
4.42 28860.157486
4.44 28847.512911
4.46 28835.020669
4.48 28822.73685
4.5 28810.739689
4.52 28799.125861
4.54 28787.812858
4.56 28776.211642
4.58 28764.192684
4.6 28752.021679
4.62 28739.829669
4.64 28727.664873
4.66 28715.55521
4.68 28703.494598
4.7 28691.496516
4.72 28679.564621
4.74 28667.702251
4.76 28660.548633
4.78 28653.900777
4.8 28647.283549
4.82 28640.704508
4.84 28634.163365
4.86 28627.659832
4.88 28621.201362
4.9 28614.772066
4.92 28608.379542
4.94 28602.023514
4.96 28595.703712
4.98 28589.419863
5 28583.179312
5.02 28576.966438
5.04 28570.788725
5.06 28564.645914
5.08 28558.537748
5.1 28552.463974
5.12 28546.431835
5.14 28540.425987
5.16 28534.453909
5.18 28528.789651
5.2 28525.107433
5.22 28517.939485
5.24 28510.903059
5.26 28502.617407
5.28 28495.844814
5.3 28490.108285
5.32 28484.403492
5.34 28478.73756
5.36 28473.095357
5.38 28467.484171
5.4 28461.903771
5.42 28456.353924
5.44 28450.834363
5.46 28445.35163
5.48 28438.779573
5.5 28432.21479
5.52 28426.819034
5.54 28421.452593
5.56 28416.122506
5.58 28410.813873
5.6 28405.533899
5.62 28400.282379
5.64 28395.059113
5.66 28389.863903
5.68 28384.703722
5.7 28379.563911
5.72 28374.451569
5.74 28369.366505
5.76 28364.308522
5.78 28354.836351
5.8 28345.125545
5.82 28335.474351
5.84 28325.885314
5.86 28316.361915
5.88 28306.908998
5.9 28297.540216
5.92 28288.251912
5.94 28279.626333
5.96 28273.122639
5.98 28265.403378
6 28256.361326
6.02 28247.670595
6.04 28239.757638
6.06 28233.293846
6.08 28228.624174
6.1 28225.50439
6.12 28222.27468
6.14 28216.077476
6.16 28209.89818
6.18 28203.748763
6.2 28197.629771
6.22 28191.541184
6.24 28185.489747
6.26 28179.461425
6.28 28173.463034
6.3 28167.494406
6.32 28161.555419
8.84 39460.328761
8.86 39342.76474
8.88 39227.07603
8.9 38828.846582
8.92 38812.498063
8.94 38810.729694
8.96 38751.21648
8.98 38643.442379
9 38520.227676
9.02 38398.302201
9.04 38349.070695
9.06 38260.123811
9.08 38160.323577
9.1 38061.798706
9.12 37964.252457
9.14 37867.535835
9.16 37770.918454
9.18 37701.342091
9.2 37612.770789
9.22 37502.337597
9.24 37392.1111
9.26 37282.943962
9.28 37175.063776
9.3 37068.54155
9.32 36963.422618
9.34 36859.932633
9.36 36796.017678
9.38 36789.626366
9.4 36769.079449
9.42 36691.932956
9.44 36615.922052
9.46 36538.44113
9.48 36446.847976
9.5 36356.387625
9.52 36267.058408
9.54 36178.850078
9.56 36091.769373
9.58 36005.77006
9.6 35920.869353
9.62 35837.087171
9.64 35754.530733
9.66 35674.027561
9.68 35622.008721
9.7 35606.649989
9.72 35557.997952
9.74 35483.525518
9.76 35405.934258
9.78 35329.024849
9.8 35253.058675
9.82 35178.025443
9.84 35109.139451
9.86 35036.094065
9.88 34963.942905
9.9 34892.699004
9.92 34822.318081
9.94 34752.808427
9.96 34679.510578
9.98 34610.790935
10 34543.810118
10.02 34477.673521
10.04 34407.491027
10.06 34336.818825
10.08 34267.715403
10.1 34221.034916
10.12 34158.856303
10.14 34102.885216
10.16 34042.192323
10.18 33982.217038
10.2 33922.954836
10.22 33864.39739
10.24 33806.551452
10.26 33750.524186
10.28 33701.460063
10.3 33645.587587
10.32 33590.370949
10.34 33535.800489
10.36 33481.882404
10.38 33428.575306
10.4 33375.886265
10.42 33323.806252
10.44 33272.326329
10.46 33221.453501
10.48 33171.14704
10.5 33121.414833
10.52 33072.248547
10.54 33023.640019
10.56 32975.581202
10.58 32934.322381
10.6 32903.806726
10.62 32873.643038
10.64 32843.821372
10.66 32814.328113
10.68 32785.140433
10.7 32756.21489
10.72 32727.364342
10.74 32697.384936
10.76 32660.917279
10.78 32623.742915
10.8 32586.086173
10.82 32561.228618
10.84 32536.715634
10.86 32512.489083
10.88 32473.623617
10.9 32430.414767
10.92 32387.656094
10.94 32345.313003
10.96 32303.394948
10.98 32261.896538
11 32220.812434
11.02 32180.137407
11.04 32139.880211
11.06 32100.007374
11.08 32060.528295
11.1 32021.438046
11.12 31982.731856
11.14 31946.247144
11.16 31927.53812
11.18 31909.045665
11.2 31890.761973
11.22 31872.681024
11.24 31854.796916
11.26 31837.111615
11.28 31819.579085
11.3 31792.765448
11.32 31760.897872
11.34 31721.674007
11.36 31681.680889
11.38 31641.975462
11.4 31602.601037
11.42 31563.587735
11.44 31524.946269
11.46 31486.703703
11.48 31449.09379
11.5 31424.323262
11.52 31410.161678
11.54 31396.32862
11.56 31382.668603
11.58 31369.16004
11.6 31349.253812
11.62 31319.925874
11.64 31290.879681
11.66 31262.111746
11.68 31237.924706
11.7 31209.688036
11.72 31181.732102
11.74 31154.028144
11.76 31126.585856
11.78 31099.402047
11.8 31072.473576
11.82 31045.809935
11.84 31022.549396
11.86 30999.577338
11.88 30973.61699
11.9 30947.897118
11.92 30922.414853
11.94 30897.179627
11.96 30882.088043
11.98 30876.024244
12 30848.607732
12.02 30817.650573
12.04 30786.777117
12.06 30757.151448
12.08 30742.909351
12.1 30726.033027
12.12 30700.202026
12.14 30674.592044
12.16 30649.212795
12.18 30624.037689
12.2 30599.07771
12.22 30584.330863
12.24 30575.34542
12.26 30566.515009
12.28 30557.795484
12.3 30549.141062
12.32 30540.515552
12.34 30531.846466
12.36 30522.956427
12.38 30513.238929
12.4 30499.894192
12.42 30478.445661
12.44 30464.394905
12.46 30438.932123
12.48 30411.960868
12.5 30385.111485
12.52 30358.546309
12.54 30332.813895
12.56 30314.547465
12.58 30305.979111
12.6 30300.053519
12.62 30294.873951
12.64 30289.852504
12.66 30284.913719
12.68 30280.032941
12.7 30264.767825
12.72 30258.319571
12.74 30251.751226
12.76 30235.290697
12.78 30216.702473
12.8 30198.267248
12.82 30179.983394
12.84 30161.860232
12.86 30143.874037
12.88 30127.720532
12.9 30108.339941
12.92 30090.788965
12.94 30073.380022
12.96 30056.122302
12.98 30038.992705
13 30022.000738
13.02 30008.654581
13.04 29991.923338
13.06 29975.336245
13.08 29958.870241
13.1 29942.534943
13.12 29931.586968
13.14 29915.493481
13.16 29908.330562
13.18 29905.986823
13.2 29903.650963
13.22 29901.323845
13.24 29898.982494
13.26 29896.510343
13.28 29885.861131
13.3 29865.983207
13.32 29845.372643
13.34 29825.194261
13.36 29811.655766
13.38 29799.260491
13.4 29794.507406
13.42 29779.222875
13.44 29762.152703
13.46 29745.572532
13.48 29744.207335
13.5 29742.889329
13.52 29741.603993
13.54 29740.321971
13.56 29739.04661
13.58 29737.766796
13.6 29736.448548
13.62 29729.836926
13.64 29715.744009
13.66 29699.476389
13.68 29683.876881
13.7 29674.059025
13.72 29660.368699
13.74 29646.788937
13.76 29634.67542
13.78 29623.091867
13.8 29609.789872
13.82 29597.751466
