2.5 29597.322989
2.52 29596.929834
2.54 29591.352868
2.56 29588.310119
2.58 29586.451573
2.6 29584.466875
2.62 29582.026969
2.64 29576.800962
2.66 29567.825559
2.68 29555.666533
2.7 29549.701849
2.72 29549.496153
2.74 29549.388708
2.76 29549.288646
2.78 29549.194419
2.8 29549.102039
2.82 29540.87838
2.84 29530.838015
2.86 29518.60403
2.88 29508.367758
2.9 29497.521635
2.92 29483.292015
2.94 29470.477268
2.96 29458.660709
2.98 29451.456753
3 29439.782153
3.02 29425.77861
3.04 29414.07507
3.06 29405.236132
3.08 29393.886923
3.1 29382.605559
3.12 29374.836147
3.14 29374.241437
3.16 29373.726932
3.18 29373.242505
3.2 29372.775922
3.22 29372.292164
3.24 29371.772845
3.26 29371.136556
3.28 29369.89717
3.3 29362.634163
3.32 29349.051418
3.34 29339.286575
3.36 29324.470644
3.38 29323.105277
3.4 29320.946063
3.42 29309.185
3.44 29309.118813
3.46 29309.0659
3.48 29309.017204
3.5 29304.053765
3.52 29293.670129
3.54 29286.180664
3.56 29275.924378
3.58 29265.734425
3.6 29255.610245
3.62 29245.551286
3.64 29235.56567
3.66 29225.635342
3.68 29215.768611
3.7 29205.964944
3.72 29196.223808
3.74 29184.038946
3.76 29174.190526
3.78 29161.938969
3.8 29148.053406
3.82 29138.325814
3.84 29134.069573
3.86 29127.038803
3.88 29117.794283
3.9 29108.599262
3.92 29099.461794
3.94 29090.381411
3.96 29081.357647
3.98 29072.39842
4 29064.864075
4.02 29057.292695
4.04 29048.484567
4.06 29039.730827
4.08 29031.031039
4.1 29022.393001
4.12 29013.799661
4.14 29005.258988
4.16 28996.770558
4.18 28988.333956
4.2 28979.957015
4.22 28971.622675
4.24 28963.338937
4.26 28955.105398
4.28 28946.921657
4.3 28938.363952
4.32 28928.136454
4.34 28919.144008
4.36 28905.931997
4.38 28892.794169
4.4 28879.733162
4.42 28866.75245
4.44 28853.865544
4.46 28841.066712
4.48 28828.386247
4.5 28815.880851
4.52 28803.730998
4.54 28792.604778
4.56 28783.981013
4.58 28778.541913
4.6 28775.380076
4.62 28773.41419
4.64 28772.021188
4.66 28770.896022
4.68 28766.769477
4.7 28757.657195
4.72 28748.592704
4.74 28739.578798
4.76 28730.615378
4.78 28721.709867
4.8 28712.846341
4.82 28704.032314
4.84 28695.267431
4.86 28686.551339
4.88 28677.891421
4.9 28669.271721
4.92 28660.699765
4.94 28652.175213
4.96 28643.697721
4.98 28635.266952
5 28626.890182
5.02 28618.55172
5.04 28610.258984
5.06 28602.011647
5.08 28593.809374
5.1 28585.651248
5.12 28574.650472
5.14 28563.608961
5.16 28552.655583
5.18 28541.83847
5.2 28531.338883
5.22 28521.714911
5.24 28512.432376
5.26 28505.095636
5.28 28499.319815
5.3 28493.576055
5.32 28487.864036
5.34 28482.190898
5.36 28476.541507
5.38 28470.923135
5.4 28465.335506
5.42 28459.778015
5.44 28453.540951
5.46 28446.146091
5.48 28439.893829
5.5 28434.463592
5.52 28429.0632
5.54 28423.692155
5.56 28418.357494
5.58 28413.044312
5.6 28407.759808
5.62 28402.503778
5.64 28397.27602
5.66 28392.076334
5.68 28386.911694
5.7 28381.767439
5.72 28376.650669
5.74 28371.561185
5.76 28364.597683
5.78 28359.28463
5.8 28350.888898
5.82 28341.165131
5.84 28331.490965
5.86 28321.867433
5.88 28312.295999
5.9 28302.785938
5.92 28293.326853
5.94 28283.932517
5.96 28274.615719
5.98 28266.654095
6 28260.218322
6.02 28253.82227
6.04 28247.451648
6.06 28241.113423
6.08 28234.807722
6.1 28228.536532
6.12 28223.440132
6.14 28221.92616
6.16 28220.743645
6.18 28219.718944
6.2 28218.743069
6.22 28217.723563
6.24 28216.553008
6.26 28215.080773
6.28 28213.052327
6.3 28210.078216
6.32 28205.741815
8.84 39760.437287
8.86 39642.422319
8.88 39526.284414
8.9 38873.508075
8.92 38827.07526
8.94 38825.333382
8.96 38761.325258
8.98 38676.48958
9 38568.177489
9.02 38463.979469
9.04 38361.315508
9.06 38348.275106
9.08 38304.471168
9.1 38183.57941
9.12 38064.614031
9.14 37947.848381
9.16 37833.678569
9.18 37722.832313
9.2 37626.608632
9.22 37527.686005
9.24 37434.847955
9.26 37345.55063
9.28 37258.616747
9.3 37173.512606
9.32 37089.972283
9.34 37007.703564
9.36 36926.920428
9.38 36847.395407
9.4 36782.562896
9.42 36724.55642
9.44 36631.119393
9.46 36540.834802
9.48 36467.012213
9.5 36394.244438
9.52 36322.504142
9.54 36251.764449
9.56 36181.873407
9.58 36113.036197
9.6 36045.097163
9.62 35974.494952
9.64 35890.104009
9.66 35806.83073
9.68 35724.686126
9.7 35643.654683
9.72 35563.960845
9.74 35486.558742
9.76 35409.882619
9.78 35333.535007
9.8 35257.899084
9.82 35183.080538
9.84 35111.093417
9.86 35045.536946
9.88 34973.331992
9.9 34902.039159
9.92 34830.159517
9.94 34754.413829
9.96 34684.160385
9.98 34616.360101
10 34549.3948
10.02 34479.030324
10.04 34412.336462
10.06 34347.802723
10.08 34284.072963
10.1 34226.072934
10.12 34164.263442
10.14 34110.657611
10.16 34050.994818
10.18 33990.985031
10.2 33931.687278
10.22 33873.093862
10.24 33815.2118
10.26 33757.998216
10.28 33713.122654
10.3 33676.220695
10.32 33639.793422
10.34 33603.825744
10.36 33568.312377
10.38 33533.230208
10.4 33498.578254
10.42 33464.3481
10.44 33430.531033
10.46 33397.127345
10.48 33364.100853
10.5 33331.433952
10.52 33298.974585
10.54 33250.442266
10.56 33193.780256
10.58 33137.701887
10.6 33082.19295
10.62 33027.267567
10.64 32972.923879
10.66 32919.163307
10.68 32865.996365
10.7 32813.476058
10.72 32761.729388
10.74 32711.97535
10.76 32674.327283
10.78 32646.184887
10.8 32618.651044
10.82 32591.643596
10.84 32561.366142
10.86 32517.27455
10.88 32488.540849
10.9 32464.862633
10.92 32441.464387
10.94 32418.31311
10.96 32395.417736
10.98 32372.772564
11 32350.370568
11.02 32328.201415
11.04 32300.663621
11.06 32261.795609
11.08 32223.332026
11.1 32185.267476
11.12 32147.59665
11.14 32110.328326
11.16 32073.428914
11.18 32036.907821
11.2 31997.707224
11.22 31955.085048
11.24 31912.94834
11.26 31871.410073
11.28 31830.777138
11.3 31801.465207
11.32 31766.578534
11.34 31744.577331
11.36 31724.459177
11.38 31691.473389
11.4 31658.80179
11.42 31626.45385
11.44 31594.425467
11.46 31562.712599
11.48 31531.324522
11.5 31500.230401
11.52 31469.44004
11.54 31438.949636
11.56 31408.755436
11.58 31378.853745
11.6 31353.620718
11.62 31324.277442
11.64 31295.215997
11.66 31266.432897
11.68 31244.508804
11.7 31216.24842
11.72 31188.268922
11.74 31160.54155
11.76 31133.075995
11.78 31105.869067
11.8 31078.917623
11.82 31052.231154
11.84 31025.781073
11.86 31012.009858
11.88 31001.534916
11.9 30990.935233
11.92 30964.34448
11.94 30932.802022
11.96 30902.502072
11.98 30881.283351
12 30858.578634
12.02 30831.606668
12.04 30804.866414
12.06 30778.369182
12.08 30752.08841
12.1 30734.29669
12.12 30725.98407
12.14 30717.799282
12.16 30709.720694
12.18 30701.716195
12.2 30693.79012
12.22 30685.936925
12.24 30678.148888
12.26 30670.409271
12.28 30662.666883
12.3 30651.638301
12.32 30623.541792
12.34 30595.415739
12.36 30567.716839
12.38 30541.057073
12.4 30517.737653
12.42 30494.5453
12.44 30471.204078
12.46 30463.119511
12.48 30456.806071
12.5 30450.695884
12.52 30444.667604
12.54 30436.807909
12.56 30414.100563
12.58 30391.575821
12.6 30369.232807
12.62 30347.080848
12.64 30325.095495
12.66 30303.286428
12.68 30281.652665
12.7 30275.200068
12.72 30270.412355
12.74 30254.033572
12.76 30238.93887
12.78 30220.339626
12.8 30201.893443
12.82 30183.598693
12.84 30165.464696
12.86 30147.467725
12.88 30129.617424
12.9 30111.912242
12.92 30092.671383
12.94 30076.931219
12.96 30059.663017
12.98 30042.522997
13 30025.520663
13.02 30011.078125
13.04 29997.244501
13.06 29980.641477
13.08 29964.159629
13.1 29947.808575
13.12 29933.784988
13.14 29929.678467
13.16 29925.622525
13.18 29921.589229
13.2 29917.509169
13.22 29913.279239
13.24 29908.522661
13.26 29901.306482
13.28 29893.383587
13.3 29877.256974
13.32 29856.034924
13.34 29834.903238
13.36 29817.446557
13.38 29813.730501
13.4 29796.421988
13.42 29790.944663
13.44 29787.693153
13.46 29784.571496
13.48 29781.513193
13.5 29778.48072
13.52 29775.446227
13.54 29772.325742
13.56 29768.949185
13.58 29758.360514
13.6 29744.045363
13.62 29733.091093
13.64 29718.184116
13.66 29701.745688
13.68 29687.851019
13.7 29677.277958
13.72 29663.578922
13.74 29649.990492
13.76 29636.491761
13.78 29627.924792
13.8 29614.609517
13.82 29601.391277
