2.5 24654.056226
2.52 24654.05758
2.54 24654.057176
2.56 24654.056857
2.58 24654.056615
2.6 24654.05644
2.62 24654.057995
2.64 24654.05754
2.66 24654.057173
2.68 24654.056887
2.7 24654.056671
2.72 24654.056514
2.74 24654.057931
2.76 24654.057515
2.78 24654.057183
2.8 24654.056925
2.82 24654.056734
2.84 24654.056598
2.86 24654.057883
2.88 24654.057503
2.9 24654.057203
2.92 24654.056972
2.94 24654.056804
2.96 24654.058275
2.98 24654.057849
3 24654.057504
3.02 24654.057232
3.04 24654.057026
3.06 24654.056878
3.08 24654.058218
3.1 24654.057828
3.12 24654.057514
3.14 24654.057269
3.16 24654.057086
3.18 24654.056956
3.2 24654.058176
3.22 24654.057819
3.24 24654.057534
3.26 24654.057314
3.28 24654.057151
3.3 24654.05855
3.32 24654.058146
3.34 24654.05782
3.36 24654.057562
3.38 24654.057365
3.4 24654.057221
3.42 24654.058499
3.44 24654.058128
3.46 24654.057831
3.48 24654.057597
3.5 24654.057421
3.52 24654.057294
3.54 24654.058457
3.56 24654.05812
3.58 24654.057849
3.6 24654.057639
3.62 24654.057482
3.64 24654.058811
3.66 24654.05843
3.68 24654.058121
3.7 24654.057876
3.72 24654.057686
3.74 24654.057547
3.76 24654.058764
3.78 24654.058413
3.8 24654.058131
3.82 24654.057908
3.84 24654.057738
3.86 24654.057615
3.88 24654.058728
3.9 24654.058406
3.92 24654.058148
3.94 24654.057947
3.96 24654.057795
3.98 24654.05906
4 24654.058703
4.02 24654.058407
4.04 24654.058172
4.06 24654.05799
4.08 24654.057854
4.1 24654.059016
4.12 24654.058687
4.14 24654.058416
4.16 24654.058202
4.18 24654.058038
4.2 24654.059348
4.22 24654.058982
4.24 24654.05868
4.26 24654.058431
4.28 24654.058237
4.3 24654.05809
4.32 24654.059296
4.34 24654.058958
4.36 24654.058677
4.38 24654.058452
4.4 24654.058277
4.42 24654.058144
4.44 24654.059255
4.46 24654.058943
4.48 24654.058684
4.5 24654.058479
4.52 24654.05832
4.54 24654.059569
4.56 24654.059223
4.58 24654.058935
4.6 24654.058697
4.62 24654.05851
4.64 24654.058367
4.66 24654.05952
4.68 24654.059199
4.7 24654.058934
4.72 24654.058716
4.74 24654.058546
4.76 24654.058417
4.78 24654.059481
4.8 24654.059183
4.82 24654.058939
4.84 24654.058739
4.86 24654.058585
4.88 24654.059779
4.9 24654.059449
4.92 24654.059175
4.94 24654.05895
4.96 24654.058767
4.98 24654.058628
5 24654.059732
5.02 24654.059426
5.04 24654.059172
5.06 24654.058963
5.08 24654.058799
5.1 24654.058673
5.12 24654.059693
5.14 24654.05941
5.16 24654.059176
5.18 24654.058983
5.2 24654.058834
5.22 24654.059976
5.24 24654.059663
5.26 24654.0594
5.28 24654.059184
5.3 24654.059008
5.32 24654.058873
5.34 24654.059931
5.36 24654.059639
5.38 24654.059396
5.4 24654.059198
5.42 24654.059036
5.44 24654.058914
5.46 24654.059893
5.48 24654.059623
5.5 24654.059398
5.52 24654.059215
5.54 24654.059068
5.56 24654.060162
5.58 24654.059863
5.6 24654.059612
5.62 24654.059404
5.64 24654.059237
5.66 24654.059102
5.68 24654.060118
5.7 24654.05984
5.72 24654.059606
5.74 24654.059415
5.76 24654.059261
5.78 24654.060387
5.8 24654.060081
5.82 24654.059822
5.84 24654.059606
5.86 24654.05943
5.88 24654.059287
5.9 24654.060337
5.92 24654.060051
5.94 24654.05981
5.96 24654.05961
5.98 24654.059448
6 24654.059317
6.02 24654.060294
6.04 24654.060027
6.06 24654.059803
6.08 24654.059619
6.1 24654.05947
6.12 24654.06055
6.14 24654.060258
6.16 24654.060009
6.18 24654.059801
6.2 24654.059631
6.22 24654.059494
6.24 24654.060501
6.26 24654.060228
6.28 24654.059996
6.3 24654.059804
6.32 24654.059646
6.34 24927.594456
6.36 24867.413267
6.38 24817.945391
6.4 24777.945361
6.42 24746.162937
6.44 24721.383742
6.46 24702.434355
6.48 24688.225867
6.5 24677.780657
6.52 24670.253413
6.54 24664.923781
6.56 24661.229689
6.58 24658.716108
6.6 24657.035069
6.62 24655.928083
6.64 24655.210933
6.66 24654.746465
6.68 24654.455831
6.7 24654.277259
6.72 24654.169141
6.74 24654.111128
6.76 24654.064776
6.78 24654.038519
6.8 24654.025001
6.82 24654.018887
6.84 24654.016384
6.86 24654.019173
6.88 24654.012963
6.9 24654.010159
6.92 24654.00966
6.94 24654.010279
6.96 24654.010859
6.98 24654.012949
7 24654.008895
7.02 24654.007196
7.04 24654.007078
7.06 24654.007678
7.08 24654.013999
7.1 24654.009061
7.12 24654.00659
7.14 24654.006073
7.16 24654.006781
7.18 24654.007969
7.2 24654.012629
7.22 24654.009725
7.24 24654.008859
7.26 24654.0095
7.28 24654.010982
7.3 24654.012682
7.32 24654.016243
7.34 24654.014843
7.36 24654.015045
7.38 24654.016346
7.4 24654.01816
7.42 24654.024704
7.44 24654.02258
7.46 24654.022061
7.48 24654.022778
7.5 24654.024272
7.52 24654.026038
7.54 24654.030798
7.56 24654.029417
7.58 24654.029339
7.6 24654.030211
7.62 24654.031621
7.64 24654.038698
7.66 24654.036435
7.68 24654.035493
7.7 24654.03561
7.72 24654.036455
7.74 24654.037665
7.76 24654.042816
7.78 24654.04103
7.8 24654.040362
7.82 24654.040555
7.84 24654.041303
7.86 24654.042277
7.88 24654.045934
7.9 24654.044511
7.92 24654.044031
7.94 24654.044248
7.96 24654.044885
7.98 24654.050278
8 24654.048162
8.02 24654.047031
8.04 24654.046693
8.06 24654.046915
8.08 24654.047448
8.1 24654.051431
8.12 24654.049693
8.14 24654.048804
8.16 24654.048577
8.18 24654.048797
8.2 24654.049241
8.22 24654.052129
8.24 24654.050715
8.26 24654.050029
8.28 24654.049892
8.3 24654.050106
8.32 24654.054435
8.34 24654.052521
8.36 24654.051383
8.38 24654.050866
8.4 24654.0508
8.42 24654.051006
8.44 24654.054297
8.46 24654.052716
8.48 24654.051812
8.5 24654.051434
8.52 24654.051424
8.54 24654.05162
8.56 24654.054078
8.58 24654.052792
8.6 24654.052084
8.62 24654.05182
8.64 24654.051852
8.66 24654.055502
8.68 24654.053842
8.7 24654.0528
8.72 24654.052256
8.74 24654.052082
8.76 24654.052145
8.78 24654.054989
8.8 24654.05361
8.82 24654.052774
8.84 24654.052364
8.86 24654.052262
8.88 24654.052345
8.9 24654.054536
8.92 24654.053397
8.94 24654.052734
8.96 24654.052434
8.98 24654.052386
9 24654.055565
9.02 24654.054145
9.04 24654.053211
9.06 24654.052691
9.08 24654.05248
9.1 24654.052474
9.12 24654.055003
9.14 24654.053814
9.16 24654.053054
9.18 24654.052653
9.2 24654.052513
9.22 24654.055978
9.24 24654.054529
9.26 24654.05354
9.28 24654.052926
9.3 24654.052624
9.32 24654.052539
9.34 24654.055364
9.36 24654.054135
9.38 24654.053309
9.4 24654.052826
9.42 24654.052604
9.44 24654.052562
9.46 24654.054848
9.48 24654.053811
9.5 24654.05313
9.52 24654.052751
9.54 24654.052594
9.56 24654.055673
9.58 24654.054419
9.6 24654.053547
9.62 24654.052991
9.64 24654.052698
9.66 24654.052593
9.68 24654.055137
9.7 24654.054065
9.72 24654.053337
9.74 24654.052886
9.76 24654.052664
9.78 24654.052601
9.8 24654.054689
9.82 24654.053777
9.84 24654.053172
9.86 24654.05281
9.88 24654.052647
9.9 24654.055415
9.92 24654.054319
9.94 24654.053545
9.96 24654.053046
9.98 24654.05276
10 24654.052646
10.02 24654.05496
10.04 24654.054016
10.06 24654.053364
10.08 24654.05295
10.1 24654.052733
10.12 24654.052658
10.14 24654.054582
10.16 24654.053772
10.18 24654.053226
10.2 24654.052889
10.22 24654.052726
10.24 24654.055239
10.26 24654.054272
10.28 24654.053581
10.3 24654.053126
10.32 24654.052855
10.34 24654.052736
10.36 24654.054861
10.38 24654.054023
10.4 24654.053435
10.42 24654.053059
10.44 24654.052845
10.46 24654.055534
10.48 24654.05455
10.5 24654.053826
10.52 24654.05333
10.54 24654.053022
10.56 24654.052856
10.58 24654.055159
10.6 24654.054299
10.62 24654.053677
10.64 24654.05326
10.66 24654.053011
10.68 24654.052885
10.7 24654.05485
10.72 24654.054101
10.74 24654.053569
10.76 24654.053221
10.78 24654.053022
10.8 24654.055478
10.82 24654.054601
10.84 24654.05395
10.86 24654.053497
10.88 24654.05321
10.9 24654.053049
10.92 24654.055174
10.94 24654.054404
10.96 24654.053841
10.98 24654.053458
11 24654.053222
11.02 24654.053098
11.04 24654.054927
11.06 24654.054253
11.08 24654.053769
11.1 24654.053446
11.12 24654.053256
11.14 24654.055519
11.16 24654.054732
11.18 24654.054143
11.2 24654.053728
11.22 24654.053459
11.24 24654.053309
11.26 24654.055276
11.28 24654.054581
11.3 24654.05407
11.32 24654.053716
11.34 24654.053494
11.36 24654.053377
11.38 24654.055082
11.4 24654.054471
11.42 24654.054028
11.44 24654.053729
11.46 24654.053547
11.48 24654.055648
11.5 24654.054932
11.52 24654.054397
11.54 24654.054014
11.56 24654.053763
11.58 24654.053617
11.6 24654.055456
11.62 24654.054821
11.64 24654.054353
11.66 24654.054025
11.68 24654.053815
11.7 24654.053701
11.72 24654.055301
11.74 24654.054744
11.76 24654.054337
11.78 24654.054057
11.8 24654.053884
11.82 24654.055838
11.84 24654.055188
11.86 24654.054698
11.88 24654.054344
11.9 24654.054108
11.92 24654.053967
11.94 24654.055687
11.96 24654.055108
11.98 24654.054678
12 24654.054373
12.02 24654.054174
12.04 24654.054062
12.06 24654.055571
12.08 24654.055058
12.1 24654.054681
12.12 24654.054419
12.14 24654.054254
12.16 24654.056078
12.18 24654.055488
12.2 24654.055033
12.22 24654.054705
12.24 24654.054481
12.26 24654.054346
12.28 24654.055959
12.3 24654.055433
12.32 24654.055031
12.34 24654.054746
12.36 24654.054557
12.38 24654.056475
12.4 24654.055872
12.42 24654.055403
12.44 24654.055049
12.46 24654.054803
12.48 24654.054644
12.5 24654.056352
12.52 24654.055811
12.54 24654.05539
12.56 24654.055084
12.58 24654.054872
12.6 24654.054741
12.62 24654.056259
12.64 24654.055774
12.66 24654.055401
12.68 24654.055133
12.7 24654.054953
12.72 24654.056748
12.74 24654.056193
12.76 24654.055759
12.78 24654.055429
12.8 24654.055196
12.82 24654.055044
12.84 24654.056649
12.86 24654.056149
12.88 24654.055762
12.9 24654.055471
12.92 24654.05527
12.94 24654.055142
12.96 24654.056576
12.98 24654.056126
13 24654.055782
13.02 24654.055526
13.04 24654.055354
13.06 24654.057038
13.08 24654.056525
13.1 24654.056122
13.12 24654.055816
13.14 24654.055592
13.16 24654.055445
13.18 24654.056958
13.2 24654.056494
13.22 24654.056133
13.24 24654.055859
13.26 24654.055667
13.28 24654.055543
13.3 24654.056899
13.32 24654.056481
13.34 24654.056158
13.36 24654.055916
13.38 24654.055751
13.4 24654.057336
13.42 24654.05686
13.44 24654.056483
13.46 24654.056196
13.48 24654.055983
13.5 24654.055841
13.52 24654.05727
13.54 24654.056838
13.56 24654.056499
13.58 24654.056244
13.6 24654.056057
13.62 24654.055936
13.64 24654.057222
13.66 24654.056831
13.68 24654.056528
13.7 24654.056302
13.72 24654.056139
13.74 24654.057636
13.76 24654.057191
13.78 24654.056838
13.8 24654.056567
13.82 24654.056367
