2.5 29813.997023
2.52 29810.955705
2.54 29807.907092
2.56 29804.8111
2.58 29801.550419
2.6 29797.688104
2.62 29790.702288
2.64 29775.767753
2.66 29765.219294
2.68 29748.262635
2.7 29729.442498
2.72 29713.943353
2.74 29710.842164
2.76 29709.669978
2.78 29708.621039
2.8 29707.608602
2.82 29701.648005
2.84 29691.660986
2.86 29678.691409
2.88 29665.802457
2.9 29657.633511
2.92 29644.91016
2.94 29632.274494
2.96 29620.091036
2.98 29615.478522
3 29612.466976
3.02 29604.40448
3.04 29589.238652
3.06 29580.933176
3.08 29565.757346
3.1 29564.549279
3.12 29564.311794
3.14 29564.120668
3.16 29563.942291
3.18 29563.768935
3.2 29563.606065
3.22 29563.432233
3.24 29563.249664
3.26 29563.028781
3.28 29558.136245
3.3 29545.326864
3.32 29537.536895
3.34 29535.081999
3.36 29525.838149
3.38 29514.329016
3.4 29502.895483
3.42 29491.545719
3.44 29480.65734
3.46 29471.920058
3.48 29460.775402
3.5 29449.703214
3.52 29438.702882
3.54 29432.090509
3.56 29421.221314
3.58 29410.422222
3.6 29402.935375
3.62 29402.685793
3.64 29402.295492
3.66 29401.343653
3.68 29396.928226
3.7 29385.870173
3.72 29371.06079
3.74 29364.448869
3.76 29363.685601
3.78 29363.204811
3.8 29362.796987
3.82 29360.016336
3.84 29347.696364
3.86 29338.411491
3.88 29338.183704
3.9 29337.935108
3.92 29337.645657
3.94 29337.202081
3.96 29335.286248
3.98 29324.723198
4 29316.57911
4.02 29308.825896
4.04 29304.482907
4.06 29294.687152
4.08 29287.640571
4.1 29277.966628
4.12 29268.343469
4.14 29258.779017
4.16 29249.272804
4.18 29239.824367
4.2 29230.441495
4.22 29221.107084
4.24 29211.829091
4.26 29202.607071
4.28 29193.440582
4.3 29184.32919
4.32 29175.280567
4.34 29166.277921
4.36 29157.32909
4.38 29148.433652
4.4 29139.591192
4.42 29130.801299
4.44 29123.510312
4.46 29117.284982
4.48 29108.641394
4.5 29097.319143
4.52 29087.633548
4.54 29079.158426
4.56 29070.724965
4.58 29062.340988
4.6 29054.005971
4.62 29045.719505
4.64 29037.480752
4.66 29028.515572
4.68 29018.642644
4.7 29010.552264
4.72 29002.509063
4.74 28994.512343
4.76 28986.561745
4.78 28978.66464
4.8 28970.8051
4.82 28962.990648
4.84 28955.220945
4.86 28947.495657
4.88 28939.822186
4.9 28932.184595
4.92 28924.590435
4.94 28917.039381
4.96 28909.531116
4.98 28902.065321
5 28894.649293
5.02 28887.267364
5.04 28879.926974
5.06 28872.627818
5.08 28865.369592
5.1 28856.11642
5.12 28844.262007
5.14 28832.545627
5.16 28821.017291
5.18 28809.7438
5.2 28798.802415
5.22 28788.119453
5.24 28777.207403
5.26 28765.925852
5.28 28754.493473
5.3 28743.032573
5.32 28731.590351
5.34 28720.194144
5.36 28708.838804
5.38 28697.815119
5.4 28689.514921
5.42 28681.260771
5.44 28673.050307
5.46 28664.89045
5.48 28656.766227
5.5 28648.684737
5.52 28640.645685
5.54 28632.648782
5.56 28624.701023
5.58 28616.787433
5.6 28608.91514
5.62 28601.083867
5.64 28593.293344
5.66 28585.543315
5.68 28577.84074
5.7 28570.171295
5.72 28563.196023
5.74 28557.455823
5.76 28551.747266
5.78 28546.076247
5.8 28540.428008
5.82 28534.809905
5.84 28532.109482
5.86 28531.184188
5.88 28529.74804
5.9 28527.119914
5.92 28521.900553
5.94 28513.46609
5.96 28503.766763
5.98 28493.834535
6 28485.557175
6.02 28479.39469
6.04 28471.653989
6.06 28466.383688
6.08 28461.140675
6.1 28455.92472
6.12 28450.742617
6.14 28445.580104
6.16 28440.444099
6.18 28435.334423
6.2 28430.250898
6.22 28425.193351
6.24 28420.168487
6.26 28415.162261
6.28 28410.181496
6.3 28405.226021
6.32 28400.295669
9.12 38849.448154
9.14 38847.352219
9.16 38808.603512
9.18 38807.250093
9.2 38762.697864
9.22 38685.928911
9.24 38683.529058
9.26 38597.682179
9.28 38478.283677
9.3 38360.460416
9.32 38269.187911
9.34 38153.830952
9.36 38040.308262
9.38 37928.232754
9.4 37817.610508
9.42 37709.929979
9.44 37701.133297
9.46 37700.502731
9.48 37660.904519
9.5 37560.631713
9.52 37461.589215
9.54 37363.776107
9.56 37267.195276
9.58 37171.793667
9.6 37077.580201
9.62 36984.558179
9.64 36892.803018
9.66 36803.938986
9.68 36776.433613
9.7 36754.619515
9.72 36700.171268
9.74 36621.715797
9.76 36536.370579
9.78 36450.363222
9.8 36365.226898
9.82 36281.091577
9.84 36197.995347
9.86 36115.933605
9.88 36034.895313
9.9 35954.885011
9.92 35875.854184
9.94 35797.801003
9.96 35715.523382
9.98 35633.85666
10 35562.935434
10.02 35492.625987
10.04 35414.130408
10.06 35336.02325
10.08 35258.746154
10.1 35182.320227
10.12 35106.742471
10.14 35032.021096
10.16 34958.114642
10.18 34885.031662
10.2 34812.765512
10.22 34741.313603
10.24 34670.698445
10.26 34600.920457
10.28 34532.128495
10.3 34465.139542
10.32 34408.036655
10.34 34363.763813
10.36 34321.739102
10.38 34280.530474
10.4 34240.256193
10.42 34186.925403
10.44 34129.100165
10.46 34071.886252
10.48 34015.288394
10.5 33959.323392
10.52 33903.985349
10.54 33849.266878
10.56 33795.159774
10.58 33741.671007
10.6 33688.761202
10.62 33636.437919
10.64 33584.692961
10.66 33533.518319
10.68 33482.906015
10.7 33432.862998
10.72 33383.351479
10.74 33342.349869
10.76 33293.877581
10.78 33245.929876
10.8 33198.853041
10.82 33169.544693
10.84 33140.56619
10.86 33111.910789
10.88 33083.569281
10.9 33055.521628
10.92 33027.431307
10.94 32977.0078
10.96 32925.980125
10.98 32875.437879
11 32825.389305
11.02 32775.838877
11.04 32726.816304
11.06 32678.477198
11.08 32643.9296
11.1 32597.858908
11.12 32550.896508
11.14 32504.279788
11.16 32458.934726
11.18 32430.206476
11.2 32406.190286
11.22 32382.841914
11.24 32360.033429
11.26 32337.85985
11.28 32316.312859
11.3 32295.266143
11.32 32267.89322
11.34 32246.013642
11.36 32224.312532
11.38 32202.798226
11.4 32181.421426
11.42 32160.128301
11.44 32138.68794
11.46 32115.781415
11.48 32083.998372
11.5 32044.430381
11.52 32003.904095
11.54 31963.463833
11.56 31923.301481
11.58 31883.479679
11.6 31844.04672
11.62 31805.016948
11.64 31766.48694
11.66 31733.65464
11.68 31703.874878
11.7 31668.10952
11.72 31646.706761
11.74 31629.245898
11.76 31612.517634
11.78 31596.140714
11.8 31580.004617
11.82 31564.069098
11.84 31548.296528
11.86 31532.673051
11.88 31511.819116
11.9 31482.829529
11.92 31454.105921
11.94 31425.65741
11.96 31397.456033
11.98 31369.511353
12 31341.820359
12.02 31314.380082
12.04 31287.187592
12.06 31262.598631
12.08 31237.650432
12.1 31211.170205
12.12 31184.926528
12.14 31158.916666
12.16 31133.149906
12.18 31107.599298
12.2 31082.274545
12.22 31057.173062
12.24 31028.294594
12.26 31003.645061
12.28 30979.222888
12.3 30958.960867
12.32 30934.937973
12.34 30911.123615
12.36 30887.515455
12.38 30870.086588
12.4 30846.859984
12.42 30822.178767
12.44 30801.017617
12.46 30778.386753
12.48 30755.94905
12.5 30733.713703
12.52 30717.809736
12.54 30710.218221
12.56 30702.695627
12.58 30695.236453
12.6 30687.831747
12.62 30680.46813
12.64 30673.010855
12.66 30655.547929
12.68 30628.669862
12.7 30601.852431
12.72 30575.374279
12.74 30549.641248
12.76 30526.333917
12.78 30505.84121
12.8 30489.56539
12.82 30483.034713
12.84 30477.032336
12.86 30471.140222
12.88 30465.315606
12.9 30459.535618
12.92 30453.768499
12.94 30447.893324
12.96 30427.508782
12.98 30406.117192
13 30384.889198
13.02 30363.823361
13.04 30342.91812
13.06 30322.182637
13.08 30301.593923
13.1 30293.142197
13.12 30288.30928
13.14 30276.599604
13.16 30258.081258
13.18 30236.124103
13.2 30212.651737
13.22 30189.301917
13.24 30167.15501
13.26 30158.182242
13.28 30154.14192
13.3 30150.376864
13.32 30146.683736
13.34 30130.184105
13.36 30113.5425
13.38 30097.027988
13.4 30081.159272
13.42 30067.761359
13.44 30051.610943
13.46 30035.58273
13.48 30024.765962
13.5 30008.964045
13.52 29993.290898
13.54 29977.725028
13.56 29962.275583
13.58 29946.94143
13.6 29938.919706
13.62 29933.039994
13.64 29928.459266
13.66 29912.470204
13.68 29891.99521
13.7 29871.553584
13.72 29853.482743
13.74 29849.342963
13.76 29847.326318
13.78 29845.456553
13.8 29836.404852
13.82 29819.858541
