2.5 29920.947288
2.52 29905.267493
2.54 29894.521294
2.56 29880.095294
2.58 29865.772751
2.6 29851.552701
2.62 29837.443871
2.64 29826.581952
2.66 29812.655182
2.68 29798.827199
2.7 29786.997283
2.72 29776.206769
2.74 29762.666523
2.76 29761.11337
2.78 29759.257916
2.8 29743.668021
2.82 29728.181833
2.84 29712.799775
2.86 29704.656393
2.88 29703.665835
2.9 29702.627044
2.92 29700.941975
2.94 29688.672639
2.96 29672.675789
2.98 29657.747651
3 29655.960897
3.02 29655.174507
3.04 29654.465104
3.06 29653.780031
3.08 29653.115615
3.1 29652.447458
3.12 29651.779272
3.14 29651.099754
3.16 29644.478434
3.18 29630.035449
3.2 29615.694747
3.22 29608.564941
3.24 29596.508101
3.26 29584.531591
3.28 29572.634701
3.3 29563.050466
3.32 29552.004961
3.34 29544.75203
3.36 29540.820819
3.38 29540.780816
3.4 29540.750215
3.42 29540.731095
3.44 29540.701427
3.46 29540.664231
3.48 29540.602126
3.5 29540.377541
3.52 29530.317556
3.54 29518.778369
3.56 29502.537138
3.58 29486.217686
3.6 29475.147385
3.62 29473.221293
3.64 29472.0357
3.66 29461.33452
3.68 29448.394626
3.7 29435.534456
3.72 29428.553794
3.74 29427.812923
3.76 29427.09132
3.78 29426.351799
3.8 29425.570379
3.82 29416.327113
3.84 29405.837381
3.86 29398.171812
3.88 29388.821565
3.9 29381.674982
3.92 29370.72279
3.94 29361.217523
3.96 29347.301732
3.98 29338.199579
4 29331.082531
4.02 29321.149173
4.04 29320.038576
4.06 29319.902415
4.08 29319.784267
4.1 29319.680168
4.12 29319.565799
4.14 29312.560033
4.16 29308.37716
4.18 29308.298655
4.2 29308.053701
4.22 29302.514075
4.24 29293.045197
4.26 29279.858368
4.28 29265.314279
4.3 29250.774957
4.32 29236.308883
4.34 29221.91539
4.36 29207.612341
4.38 29193.411375
4.4 29179.334978
4.42 29165.445765
4.44 29152.032126
4.46 29140.961911
4.48 29135.273155
4.5 29132.731984
4.52 29131.353615
4.54 29130.432923
4.56 29129.683591
4.58 29128.97639
4.6 29128.201207
4.62 29127.205072
4.64 29125.667341
4.66 29122.772725
4.68 29116.816806
4.7 29107.150834
4.72 29095.446909
4.74 29083.001014
4.76 29070.415288
4.78 29059.110776
4.8 29049.292189
4.82 29037.548868
4.84 29025.075031
4.86 29012.383134
4.88 28999.640318
4.9 28986.892055
4.92 28974.173932
4.94 28961.500222
4.96 28948.878979
4.98 28936.315108
5 28923.819437
5.02 28911.378947
5.04 28899.00329
5.06 28886.694351
5.08 28874.454413
5.1 28864.192207
5.12 28857.009568
5.14 28849.85947
5.16 28842.749178
5.18 28835.678396
5.2 28828.646834
5.22 28821.66171
5.24 28814.707607
5.26 28807.791878
5.28 28800.914248
5.3 28794.074441
5.32 28787.272185
5.34 28780.514596
5.36 28773.786508
5.38 28768.926903
5.4 28767.707468
5.42 28766.117044
5.44 28763.766459
5.46 28759.970415
5.48 28753.966572
5.5 28745.808008
5.52 28736.284826
5.54 28726.068022
5.56 28715.521157
5.58 28704.803279
5.6 28695.855948
5.62 28689.585478
5.64 28681.035854
5.66 28673.714978
5.68 28667.558507
5.7 28661.427546
5.72 28655.329148
5.74 28649.263087
5.76 28643.229135
5.78 28637.234252
5.8 28631.263728
5.82 28625.324643
5.84 28619.416764
5.86 28613.539814
5.88 28607.692748
5.9 28600.656167
5.92 28593.889108
5.94 28588.138465
5.96 28582.417817
5.98 28576.726927
6 28571.065588
6.02 28565.440569
6.04 28559.837615
6.06 28554.263613
6.08 28548.71837
6.1 28543.201689
6.12 28537.720363
6.14 28532.260117
6.16 28524.41757
6.18 28515.836623
6.2 28506.903155
6.22 28497.600973
6.24 28488.119548
6.26 28478.548086
6.28 28468.945897
6.3 28459.341179
6.32 28449.750066
9.2 38843.177455
9.22 38840.282198
9.24 38788.291891
9.26 38787.023409
9.28 38739.724301
9.3 38738.581844
9.32 38736.640354
9.34 38646.126973
9.36 38533.035119
9.38 38420.799175
9.4 38319.628011
9.42 38211.632207
9.44 38103.744361
9.46 37997.443009
9.48 37892.71777
9.5 37790.243884
9.52 37710.356365
9.54 37673.909409
9.56 37569.038412
9.58 37465.395768
9.6 37363.012855
9.62 37261.872788
9.64 37161.957584
9.66 37063.249896
9.68 36965.753453
9.7 36869.4601
9.72 36795.499998
9.74 36702.107079
9.76 36609.127291
9.78 36517.187535
9.8 36426.330544
9.82 36336.518027
9.84 36247.755468
9.86 36160.030481
9.88 36073.331814
9.9 35987.669958
9.92 35903.021602
9.94 35819.58814
9.96 35741.462239
9.98 35674.930983
10 35640.769818
10.02 35631.872981
10.04 35627.326374
10.06 35624.031406
10.08 35612.230072
10.1 35547.187029
10.12 35475.018036
10.14 35403.207598
10.16 35332.062747
10.18 35261.664443
10.2 35192.025106
10.22 35123.144578
10.24 35055.033788
10.26 34987.652116
10.28 34921.007913
10.3 34855.09258
10.32 34789.897132
10.34 34725.412941
10.36 34661.647579
10.38 34598.561869
10.4 34536.166916
10.42 34474.461969
10.44 34413.458588
10.46 34353.231091
10.48 34294.14907
10.5 34240.514915
10.52 34176.821505
10.54 34116.825382
10.56 34059.645605
10.58 34003.022595
10.6 33946.160915
10.62 33885.612257
10.64 33825.802757
10.66 33767.410952
10.68 33722.188858
10.7 33675.124926
10.72 33622.42149
10.74 33570.257919
10.76 33518.627405
10.78 33467.523353
10.8 33416.95383
10.82 33366.882039
10.84 33317.316785
10.86 33268.251605
10.88 33219.680083
10.9 33171.596021
10.92 33124.007572
10.94 33076.879427
10.96 33030.220638
10.98 32984.030942
11 32953.220206
11.02 32925.061607
11.04 32897.215406
11.06 32869.663999
11.08 32842.408169
11.1 32815.441517
11.12 32788.756318
11.14 32762.351293
11.16 32736.185703
11.18 32710.223755
11.2 32681.381572
11.22 32647.039595
11.24 32613.275373
11.26 32569.713603
11.28 32527.412204
11.3 32488.713402
11.32 32449.304228
11.34 32407.811357
11.36 32370.269978
11.38 32333.112679
11.4 32296.30791
11.42 32259.864673
11.44 32223.778405
11.46 32188.044609
11.48 32152.672116
11.5 32117.629652
11.52 32082.926595
11.54 32053.057456
11.56 32020.54345
11.58 31992.134339
11.6 31958.71979
11.62 31925.611086
11.64 31892.817603
11.66 31860.33549
11.68 31828.160953
11.7 31796.290256
11.72 31764.732266
11.74 31733.457887
11.76 31702.476477
11.78 31671.784517
11.8 31641.378539
11.82 31613.686223
11.84 31599.310777
11.86 31585.074344
11.88 31570.972301
11.9 31556.416619
11.92 31525.045109
11.94 31493.956113
11.96 31463.125404
11.98 31435.751005
12 31407.597664
12.02 31374.775552
12.04 31342.440781
12.06 31312.928227
12.08 31283.656148
12.1 31254.633016
12.12 31225.858687
12.14 31197.329278
12.16 31169.053096
12.18 31141.003964
12.2 31113.192796
12.22 31094.916168
12.24 31082.528439
12.26 31070.497457
12.28 31058.682949
12.3 31047.01884
12.32 31035.475199
12.34 31024.025417
12.36 31012.637958
12.38 31001.262672
12.4 30989.770264
12.42 30977.779141
12.44 30963.553348
12.46 30941.880356
12.48 30914.396985
12.5 30885.732122
12.52 30871.466251
12.54 30857.930604
12.56 30849.299939
12.58 30840.923209
12.6 30832.660242
12.62 30817.863099
12.64 30793.419458
12.66 30769.170223
12.68 30745.113572
12.7 30721.247572
12.72 30697.581546
12.74 30674.091666
12.76 30659.435396
12.78 30650.83518
12.8 30632.530644
12.82 30611.92144
12.84 30595.164374
12.86 30574.877384
12.88 30554.754626
12.9 30534.794382
12.92 30514.994956
12.94 30495.354672
12.96 30475.882558
12.98 30456.55535
13 30437.38239
13.02 30423.809016
13.04 30404.923331
13.06 30383.30613
13.08 30362.211934
13.1 30343.786456
13.12 30325.505972
13.14 30307.369003
13.16 30289.374088
13.18 30275.641138
13.2 30259.116969
13.22 30241.523735
13.24 30232.621716
13.26 30226.897793
13.28 30221.255124
13.3 30215.663937
13.32 30210.0717
13.34 30204.422692
13.36 30198.560453
13.38 30191.91845
13.4 30181.730253
13.42 30163.806999
13.44 30142.608892
13.46 30121.918961
13.48 30108.657131
13.5 30087.031893
13.52 30065.777983
13.54 30053.59409
13.56 30044.351806
13.58 30026.335142
13.6 30013.784307
13.62 30010.946249
13.64 30008.180941
13.66 30005.442104
13.68 30002.729366
13.7 30000.035548
13.72 29997.350956
13.74 29994.661227
13.76 29983.294376
13.78 29968.226991
13.8 29953.269082
13.82 29938.419618
