2.5 29931.779775
2.52 29917.131862
2.54 29904.457635
2.56 29902.104158
2.58 29899.962305
2.6 29897.880126
2.62 29887.872178
2.64 29876.891158
2.66 29873.567569
2.68 29870.236869
2.7 29866.839618
2.72 29863.219992
2.74 29858.74229
2.76 29849.87482
2.78 29833.630955
2.8 29815.915258
2.82 29805.400436
2.84 29786.842572
2.86 29770.682043
2.88 29765.401214
2.9 29762.22005
2.92 29759.427117
2.94 29756.776259
2.96 29754.200938
2.98 29751.647664
3 29746.677198
3.02 29736.71942
3.04 29723.812072
3.06 29710.992439
3.08 29698.268848
3.1 29688.378286
3.12 29673.653881
3.14 29664.111294
3.16 29652.711532
3.18 29644.921096
3.2 29628.482856
3.22 29616.004511
3.24 29603.929146
3.26 29596.01592
3.28 29593.69062
3.3 29591.858336
3.32 29590.16241
3.34 29588.527524
3.36 29586.918732
3.38 29585.314215
3.4 29583.74176
3.42 29583.088783
3.44 29582.742485
3.46 29581.950889
3.48 29570.313195
3.5 29561.706241
3.52 29554.181692
3.54 29546.717409
3.56 29546.621146
3.58 29546.542241
3.6 29539.036507
3.62 29527.780388
3.64 29517.220747
3.66 29509.774937
3.68 29498.722502
3.7 29487.740355
3.72 29476.827913
3.74 29467.135611
3.76 29466.075733
3.78 29464.678604
3.8 29460.983458
3.82 29449.037495
3.84 29434.855882
3.86 29425.402377
3.88 29413.234286
3.9 29405.842827
3.92 29404.277664
3.94 29403.753267
3.96 29403.464949
3.98 29403.262401
4 29396.69883
4.02 29387.001107
4.04 29386.492583
4.06 29385.945297
4.08 29385.267873
4.1 29383.880451
4.12 29376.17157
4.14 29363.450661
4.16 29354.35943
4.18 29339.93845
4.2 29336.172394
4.22 29335.768631
4.24 29335.510141
4.26 29328.742953
4.28 29319.124195
4.3 29312.104224
4.32 29306.547543
4.34 29297.034826
4.36 29290.635728
4.38 29290.406627
4.4 29290.067429
4.42 29289.376335
4.44 29279.674864
4.46 29268.405699
4.48 29257.200823
4.5 29246.059842
4.52 29234.982276
4.54 29223.337518
4.56 29209.538074
4.58 29195.859416
4.6 29182.360576
4.62 29169.631692
4.64 29160.924724
4.66 29149.138079
4.68 29139.833583
4.7 29134.583201
4.72 29126.605462
4.74 29117.196405
4.76 29106.847362
4.78 29097.593439
4.8 29089.287651
4.82 29081.030108
4.84 29072.819854
4.86 29065.114301
4.88 29060.301223
4.9 29052.22219
4.92 29044.188975
4.94 29036.201244
4.96 29028.258661
4.98 29020.36089
5 29012.515213
5.02 29004.705945
5.04 28996.940509
5.06 28989.218584
5.08 28981.539849
5.1 28973.90399
5.12 28966.318182
5.14 28958.767002
5.16 28951.257761
5.18 28942.921339
5.2 28932.736522
5.22 28925.252197
5.24 28915.641141
5.26 28908.349547
5.28 28901.098068
5.3 28893.886414
5.32 28886.714298
5.34 28879.588822
5.36 28872.494807
5.38 28865.43949
5.4 28858.422592
5.42 28851.443843
5.44 28844.502968
5.46 28837.606971
5.48 28830.740919
5.5 28823.911944
5.52 28817.119785
5.54 28810.364182
5.56 28803.65216
5.58 28796.968775
5.6 28790.321182
5.62 28783.709129
5.64 28777.132369
5.66 28770.590654
5.68 28764.090913
5.7 28757.618438
5.72 28751.180283
5.74 28744.776209
5.76 28738.405979
5.78 28730.297115
5.8 28719.338462
5.82 28708.425187
5.84 28697.561731
5.86 28686.75095
5.88 28675.994975
5.9 28665.302753
5.92 28654.661984
5.94 28644.082189
5.96 28633.566442
5.98 28623.119085
6 28612.746609
6.02 28602.466145
6.04 28592.28068
6.06 28582.227396
6.08 28572.364283
6.1 28562.814278
6.12 28553.870637
6.14 28546.18881
6.16 28540.792842
6.18 28537.77866
6.2 28536.14046
6.22 28535.122346
6.24 28534.386214
6.26 28533.768413
6.28 28533.183114
6.3 28532.556789
6.32 28531.795531
9.32 38783.379553
9.34 38782.216948
9.36 38704.683994
9.38 38683.29426
9.4 38683.085475
9.42 38612.465463
9.44 38503.137981
9.46 38395.208559
9.48 38347.763746
9.5 38347.177647
9.52 38315.207235
9.54 38208.688168
9.56 38103.554452
9.58 37999.778374
9.6 37897.360573
9.62 37796.28758
9.64 37696.770392
9.66 37605.147827
9.68 37508.478767
9.7 37412.731841
9.72 37318.168887
9.74 37224.826689
9.76 37132.717872
9.78 37041.857316
9.8 36952.285512
9.82 36864.016245
9.84 36777.080852
9.86 36691.365935
9.88 36604.058613
9.9 36514.342018
9.92 36430.003283
9.94 36348.18729
9.96 36267.15673
9.98 36186.185513
10 36102.037165
10.02 36023.51975
10.04 35945.981241
10.06 35869.384208
10.08 35793.718048
10.1 35718.978823
10.12 35645.185066
10.14 35572.509422
10.16 35501.712429
10.18 35431.758491
10.2 35361.999244
10.22 35292.773057
10.24 35224.236514
10.26 35156.408918
10.28 35089.325395
10.3 35022.992911
10.32 34957.408502
10.34 34892.566971
10.36 34828.476952
10.38 34765.098333
10.4 34702.438624
10.42 34640.489338
10.44 34579.241457
10.46 34518.702338
10.48 34458.832517
10.5 34399.644183
10.52 34341.146169
10.54 34283.465572
10.56 34233.460156
10.58 34177.393723
10.6 34121.451453
10.62 34066.078804
10.64 34011.300592
10.66 33957.116956
10.68 33903.522425
10.7 33850.524955
10.72 33798.087098
10.74 33746.216623
10.76 33694.905909
10.78 33644.147506
10.8 33593.948733
10.82 33544.27204
10.84 33495.125497
10.86 33446.501931
10.88 33398.693031
10.9 33368.408527
10.92 33338.465195
10.94 33308.833691
10.96 33279.505024
10.98 33250.389495
11 33209.116045
11.02 33157.163687
11.04 33105.688347
11.06 33054.690085
11.08 33004.182721
11.1 32954.163795
11.12 32904.631991
11.14 32855.603579
11.16 32807.061875
11.18 32759.063874
11.2 32711.805432
11.22 32667.666206
11.24 32636.829206
11.26 32611.057172
11.28 32586.389158
11.3 32562.151815
11.32 32538.284178
11.34 32514.820502
11.36 32491.861063
11.38 32469.513892
11.4 32443.00929
11.42 32420.438949
11.44 32397.993233
11.46 32375.701946
11.48 32353.575813
11.5 32331.540289
11.52 32309.412146
11.54 32285.832592
11.56 32252.138611
11.58 32211.477911
11.6 32170.304351
11.62 32129.297129
11.64 32088.596494
11.66 32048.244161
11.68 32008.263952
11.7 31968.683394
11.72 31929.570991
11.74 31891.066326
11.76 31865.737373
11.78 31828.259049
11.8 31803.027963
11.82 31784.688704
11.84 31767.204602
11.86 31750.09105
11.88 31733.225153
11.9 31716.559316
11.92 31700.068766
11.94 31683.744066
11.96 31667.553975
11.98 31647.034562
12 31617.701875
12.02 31588.633774
12.04 31559.82719
12.06 31531.291046
12.08 31502.998129
12.1 31474.957789
12.12 31447.167122
12.14 31419.623267
12.16 31392.33538
12.18 31369.35253
12.2 31342.518681
12.22 31315.920643
12.24 31289.555742
12.26 31263.421334
12.28 31237.526496
12.3 31208.895789
12.32 31182.401778
12.34 31157.176156
12.36 31132.168286
12.38 31107.387448
12.4 31082.807499
12.42 31062.359071
12.44 31038.185375
12.46 31014.217626
12.48 30990.453486
12.5 30966.901718
12.52 30943.056941
12.54 30918.430704
12.56 30897.402284
12.58 30880.457533
12.6 30857.850959
12.62 30835.444343
12.64 30816.397996
12.66 30808.374536
12.68 30800.419881
12.7 30792.527806
12.72 30784.694719
12.74 30776.856386
12.76 30767.357077
12.78 30740.626413
12.8 30713.543911
12.82 30686.713145
12.84 30660.425041
12.86 30635.568778
12.88 30614.816634
12.9 30591.316074
12.92 30579.411326
12.94 30572.766873
12.96 30566.4045
12.98 30560.132252
13 30553.928548
13.02 30547.781559
13.04 30541.683275
13.06 30535.632759
13.08 30518.742969
13.1 30497.237749
13.12 30475.894292
13.14 30454.711213
13.16 30433.686994
13.18 30412.830591
13.2 30392.119342
13.22 30374.671692
13.24 30369.505171
13.26 30359.493215
13.28 30341.01778
13.3 30318.226941
13.32 30294.651006
13.34 30271.190556
13.36 30248.274206
13.38 30234.010718
13.4 30229.350362
13.42 30225.195059
13.44 30221.147959
13.46 30217.157649
13.48 30206.305818
13.5 30189.590965
13.52 30173.011437
13.54 30156.545684
13.56 30143.543309
13.58 30127.31286
13.6 30111.202953
13.62 30095.621677
13.64 30084.374372
13.66 30068.60484
13.68 30052.951359
13.7 30037.41282
13.72 30021.988126
13.74 30006.686056
13.76 29997.184385
13.78 29987.958353
13.8 29970.958527
13.82 29950.473868
