2.5 30062.112052
2.52 30059.158601
2.54 30056.172354
2.56 30052.947514
2.58 30037.747842
2.6 30017.776915
2.62 29997.959028
2.64 29979.204019
2.66 29965.130794
2.68 29959.632505
2.7 29952.645808
2.72 29938.230703
2.74 29923.926434
2.76 29909.712895
2.78 29895.598868
2.8 29881.583448
2.82 29870.77495
2.84 29856.946018
2.86 29844.196033
2.88 29834.270336
2.9 29820.714219
2.92 29807.251576
2.94 29805.137414
2.96 29794.223393
2.98 29778.800853
3 29763.480116
3.02 29748.261825
3.04 29744.505416
3.06 29743.159355
3.08 29741.25967
3.1 29728.659513
3.12 29710.868369
3.14 29694.631074
3.16 29691.719193
3.18 29690.726843
3.2 29689.847679
3.22 29688.989917
3.24 29688.146618
3.26 29687.311004
3.28 29686.477444
3.3 29685.645025
3.32 29684.761963
3.34 29679.721361
3.36 29665.415534
3.38 29651.198667
3.4 29638.741106
3.42 29623.048803
3.44 29610.437536
3.46 29609.535897
3.48 29605.224698
3.5 29593.530661
3.52 29581.922477
3.54 29574.632516
3.56 29566.102845
3.58 29560.893067
3.6 29560.74435
3.62 29560.595536
3.64 29560.451267
3.66 29560.282096
3.68 29559.681311
3.7 29547.260573
3.72 29541.959237
3.74 29540.80635
3.76 29540.71487
3.78 29536.260182
3.8 29523.183724
3.82 29510.187437
3.84 29507.071279
3.86 29505.952204
3.88 29504.843661
3.9 29503.701133
3.92 29502.444476
3.94 29491.714722
3.96 29481.051407
3.98 29470.462372
4 29459.930166
4.02 29451.669607
4.04 29439.184977
4.06 29428.720556
4.08 29418.444652
4.1 29408.239765
4.12 29400.786914
4.14 29390.691584
4.16 29384.62106
4.18 29374.74518
4.2 29364.831244
4.22 29357.03972
4.24 29356.70708
4.26 29356.38588
4.28 29356.062942
4.3 29355.721556
4.32 29348.662103
4.34 29336.996572
4.36 29334.111986
4.38 29333.070537
4.4 29324.686766
4.42 29317.334459
4.44 29308.580525
4.46 29308.389206
4.48 29308.324062
4.5 29308.282464
4.52 29308.248662
4.54 29308.224978
4.56 29308.191373
4.58 29304.866865
4.6 29295.595971
4.62 29288.950259
4.64 29279.78116
4.66 29270.67303
4.68 29261.609621
4.7 29252.59853
4.72 29243.639356
4.74 29232.32781
4.76 29223.342898
4.78 29212.706372
4.8 29199.024261
4.82 29185.445582
4.84 29172.003256
4.86 29158.807315
4.88 29146.487184
4.9 29137.952194
4.92 29134.006268
4.94 29132.096376
4.96 29130.949676
4.98 29122.712276
5 29112.581277
5.02 29102.497222
5.04 29092.467906
5.06 29082.493035
5.08 29072.57236
5.1 29064.666859
5.12 29064.291589
5.14 29063.872059
5.16 29056.519524
5.18 29048.65834
5.2 29040.840613
5.22 29033.073532
5.24 29025.341651
5.26 29017.652295
5.28 29010.005159
5.3 29002.39994
5.32 28992.615229
5.34 28980.369629
5.36 28968.170369
5.38 28956.028862
5.4 28943.948069
5.42 28931.930538
5.44 28919.978743
5.46 28908.102634
5.48 28896.290797
5.5 28884.554755
5.52 28872.900142
5.54 28861.335018
5.56 28849.885405
5.58 28841.09253
5.6 28832.45197
5.62 28821.272452
5.64 28810.082481
5.66 28799.312414
5.68 28789.702703
5.7 28782.430678
5.72 28777.785181
5.74 28773.205633
5.76 28764.921691
5.78 28756.681947
5.8 28748.476601
5.82 28740.313023
5.84 28732.19102
5.86 28724.110347
5.88 28716.070747
5.9 28708.079035
5.92 28700.120687
5.94 28692.202663
5.96 28684.324824
5.98 28676.489125
6 28670.088021
6.02 28664.132484
6.04 28658.201025
6.06 28652.300221
6.08 28646.429814
6.1 28640.589587
6.12 28634.786312
6.14 28629.005705
6.16 28623.254663
6.18 28617.532987
6.2 28611.840479
6.22 28606.176943
6.24 28600.549055
6.26 28591.684091
6.28 28586.112499
6.3 28579.421755
6.32 28572.909255
9.34 38830.358482
9.36 38828.46019
9.38 38826.538855
9.4 38794.173767
9.42 38793.105956
9.44 38764.40986
9.46 38686.796875
9.48 38642.241744
9.5 38528.201804
9.52 38415.561841
9.54 38328.407723
9.56 38218.134594
9.58 38109.44028
9.6 38002.057618
9.62 37895.979925
9.64 37791.231492
9.66 37704.492184
9.68 37701.609495
9.7 37700.891069
9.72 37689.636065
9.74 37594.321378
9.76 37500.039673
9.78 37406.870738
9.8 37314.819028
9.82 37223.835544
9.84 37133.926542
9.86 37045.085508
9.88 36957.325642
9.9 36870.790256
9.92 36791.71345
9.94 36778.31421
9.96 36760.474379
9.98 36708.950375
10 36620.31865
10.02 36532.564553
10.04 36445.770317
10.06 36359.945825
10.08 36275.078851
10.1 36191.156535
10.12 36108.165997
10.14 36026.110704
10.16 35944.945335
10.18 35864.675077
10.2 35785.290078
10.22 35706.789635
10.24 35629.482306
10.26 35571.283411
10.28 35495.744525
10.3 35420.601899
10.32 35346.195686
10.34 35272.562751
10.36 35199.721474
10.38 35127.634562
10.4 35056.310088
10.42 34985.739216
10.44 34915.912365
10.46 34846.835708
10.48 34778.467748
10.5 34710.815483
10.52 34643.869852
10.54 34577.622597
10.56 34512.066432
10.58 34447.21241
10.6 34383.036295
10.62 34319.635716
10.64 34261.917713
10.66 34251.209413
10.68 34250.231616
10.7 34248.724937
10.72 34202.165376
10.74 34147.412858
10.76 34093.242304
10.78 34039.651847
10.8 33986.64937
10.82 33934.197182
10.84 33882.30305
10.86 33830.95945
10.88 33780.158944
10.9 33729.894216
10.92 33680.172429
10.94 33630.957238
10.96 33582.256528
10.98 33534.063423
11 33486.371156
11.02 33439.173071
11.04 33392.476569
11.06 33346.246835
11.08 33300.491952
11.1 33255.205679
11.12 33210.381873
11.14 33166.028491
11.16 33122.111129
11.18 33078.638396
11.2 33035.604528
11.22 32993.003851
11.24 32950.83078
11.26 32909.093416
11.28 32867.758718
11.3 32827.647916
11.32 32789.090963
11.34 32746.201977
11.36 32706.481627
11.38 32667.16515
11.4 32628.221234
11.42 32589.658346
11.44 32551.471724
11.46 32513.656666
11.48 32476.221787
11.5 32439.135596
11.52 32402.407255
11.54 32366.032325
11.56 32330.006434
11.58 32294.325272
11.6 32258.99749
11.62 32225.922329
11.64 32193.78043
11.66 32165.705413
11.68 32132.187865
11.7 32098.448435
11.72 32065.03807
11.74 32031.927479
11.76 31999.12583
11.78 31966.629418
11.8 31934.43459
11.82 31902.550335
11.84 31870.947571
11.86 31839.635764
11.88 31808.611473
11.9 31777.871309
11.92 31747.927244
11.94 31732.960941
11.96 31718.126875
11.98 31703.429183
12 31684.22295
12.02 31652.603844
12.04 31621.255738
12.06 31590.188747
12.08 31561.178422
12.1 31528.907786
12.12 31498.524344
12.14 31468.487277
12.16 31438.715831
12.18 31407.407469
12.2 31374.049485
12.22 31350.858073
12.24 31322.064902
12.26 31293.509739
12.28 31265.20413
12.3 31237.122706
12.32 31217.357652
12.34 31204.566139
12.36 31192.063071
12.38 31179.752086
12.4 31167.581007
12.42 31155.52634
12.44 31143.564384
12.46 31131.664891
12.48 31119.77377
12.5 31107.765298
12.52 31095.203669
12.54 31080.042225
12.56 31056.950761
12.58 31028.820276
12.6 30999.75359
12.62 30974.958226
12.64 30953.797642
12.66 30924.9012
12.68 30896.065081
12.7 30882.215909
12.72 30882.167734
12.74 30882.151873
12.76 30882.142153
12.78 30861.860663
12.8 30837.723333
12.82 30813.774088
12.84 30790.022128
12.86 30766.462222
12.88 30756.974539
12.9 30747.95053
12.92 30730.555506
12.94 30709.774532
12.96 30692.811798
12.98 30672.350219
13 30652.051411
13.02 30631.913702
13.04 30611.935437
13.06 30592.125694
13.08 30572.46118
13.1 30552.951281
13.12 30533.594422
13.14 30514.389055
13.16 30495.333653
13.18 30476.437151
13.2 30457.676868
13.22 30439.062055
13.24 30420.591252
13.26 30402.263016
13.28 30384.075921
13.3 30366.038801
13.32 30350.813231
13.34 30335.60232
13.36 30317.950375
13.38 30310.817996
13.4 30304.832665
13.42 30298.881622
13.44 30292.934467
13.46 30286.924806
13.48 30280.683381
13.5 30273.579514
13.52 30262.596298
13.54 30244.092813
13.56 30222.710184
13.58 30200.930105
13.6 30187.014973
13.62 30166.742226
13.64 30145.229526
13.66 30130.715678
13.68 30124.244733
13.7 30112.610321
13.72 30094.585896
13.74 30077.241892
13.76 30074.137782
13.78 30071.088091
13.8 30068.072589
13.82 30065.082888
