2.5 30105.805004
2.52 30090.324587
2.54 30074.94543
2.56 30059.676492
2.58 30047.065305
2.6 30029.465232
2.62 30014.530479
2.64 29999.692045
2.66 29984.958819
2.68 29970.329828
2.7 29958.520507
2.72 29951.398557
2.74 29947.668981
2.76 29944.01913
2.78 29937.731342
2.8 29921.354172
2.82 29905.085694
2.84 29888.926189
2.86 29872.931809
2.88 29871.064119
2.9 29869.21332
2.92 29867.336781
2.94 29865.273746
2.96 29853.32598
2.98 29836.666071
3 29822.949909
3.02 29805.348426
3.04 29798.538953
3.06 29796.857411
3.08 29795.393532
3.1 29793.971053
3.12 29792.5723
3.14 29791.187656
3.16 29789.810778
3.18 29788.432987
3.2 29777.245331
3.22 29764.42059
3.24 29751.681163
3.26 29737.857722
3.28 29726.455975
3.3 29713.977414
3.32 29701.572181
3.34 29689.248731
3.36 29677.006369
3.38 29664.844382
3.4 29652.762094
3.42 29643.184734
3.44 29636.143337
3.46 29624.27791
3.48 29612.489586
3.5 29608.641733
3.52 29608.233288
3.54 29607.840379
3.56 29607.441152
3.58 29607.03961
3.6 29606.624595
3.62 29606.140353
3.64 29598.264772
3.66 29582.788993
3.68 29574.044129
3.7 29565.613113
3.72 29563.41242
3.74 29561.795728
3.76 29559.702621
3.78 29558.874152
3.8 29557.519292
3.82 29556.143786
3.84 29546.030086
3.86 29540.553833
3.88 29531.086186
3.9 29520.205429
3.92 29509.392268
3.94 29500.933447
3.96 29497.420295
3.98 29486.096364
4 29471.763525
4.02 29459.915659
4.04 29448.39064
4.06 29435.555451
4.08 29425.263577
4.1 29417.994794
4.12 29417.125674
4.14 29416.419652
4.16 29415.76796
4.18 29415.136862
4.2 29414.515744
4.22 29408.012239
4.24 29402.722648
4.26 29402.375696
4.28 29401.63165
4.3 29397.732208
4.32 29385.976757
4.34 29376.09875
4.36 29361.897673
4.38 29355.673466
4.4 29355.039991
4.42 29354.652816
4.44 29354.335001
4.46 29354.031272
4.48 29352.036181
4.5 29342.489603
4.52 29333.349403
4.54 29326.166009
4.56 29318.136843
4.58 29311.361591
4.6 29308.08478
4.62 29307.892146
4.64 29303.602572
4.66 29292.77237
4.68 29281.69345
4.7 29268.2241
4.72 29254.245559
4.74 29240.321998
4.76 29229.71005
4.78 29220.903512
4.8 29212.139499
4.82 29203.425294
4.84 29194.757746
4.86 29184.724397
4.88 29174.256492
4.9 29165.296008
4.92 29156.834393
4.94 29148.421003
4.96 29140.055167
4.98 29131.736482
5 29127.208151
5.02 29118.974529
5.04 29110.787035
5.06 29102.645328
5.08 29094.549074
5.1 29086.497941
5.12 29078.499089
5.14 29070.537082
5.16 29063.322463
5.18 29062.425947
5.2 29060.411719
5.22 29053.681381
5.24 29041.915945
5.26 29029.610772
5.28 29017.255271
5.3 29008.410616
5.32 28999.555882
5.34 28989.70367
5.36 28982.217334
5.38 28974.771783
5.4 28967.366697
5.42 28960.001786
5.44 28952.676763
5.46 28945.398616
5.48 28938.152398
5.5 28930.945229
5.52 28923.776834
5.54 28916.646939
5.56 28909.562556
5.58 28902.508728
5.6 28895.492597
5.62 28888.5139
5.64 28881.572375
5.66 28874.667762
5.68 28867.806978
5.7 28860.975302
5.72 28854.179776
5.74 28847.420149
5.76 28840.696173
5.78 28834.014787
5.8 28827.361257
5.82 28820.742647
5.84 28814.158713
5.86 28807.609185
5.88 28798.838237
5.9 28792.368443
5.92 28784.653404
5.94 28779.18957
5.96 28773.138995
5.98 28766.795564
6 28760.484952
6.02 28754.213908
6.04 28747.968153
6.06 28741.754557
6.08 28735.572902
6.1 28729.422973
6.12 28723.311539
6.14 28717.224308
6.16 28711.168158
6.18 28705.075169
6.2 28697.316103
6.22 28689.594436
6.24 28681.917713
6.26 28674.271845
6.28 28666.663594
6.3 28659.092723
6.32 28651.558995
9.44 38792.5469
9.46 38775.667714
9.48 38733.398144
9.5 38732.750552
9.52 38710.169707
9.54 38683.179857
9.56 38682.094619
9.58 38647.779836
9.6 38539.977079
9.62 38433.521157
9.64 38334.034194
9.66 38232.344286
9.68 38130.064433
9.7 38029.052592
9.72 37929.349864
9.74 37831.020347
9.76 37734.638937
9.78 37645.853588
9.8 37552.762755
9.82 37457.186971
9.84 37359.862236
9.86 37264.994352
9.88 37174.958499
9.9 37086.111166
9.92 36998.422205
9.94 36911.295982
9.96 36820.618314
9.98 36732.230775
10 36648.799456
10.02 36567.315242
10.04 36486.874821
10.06 36406.920437
10.08 36327.632383
10.1 36249.135809
10.12 36171.490949
10.14 36094.74406
10.16 36018.879462
10.18 35943.932119
10.2 35869.929714
10.22 35796.932218
10.24 35725.093189
10.26 35654.615928
10.28 35585.294275
10.3 35516.32503
10.32 35447.658073
10.34 35379.52155
10.36 35312.047151
10.38 35245.251166
10.4 35179.167713
10.42 35113.804661
10.44 35049.159615
10.46 34985.243923
10.48 34922.019131
10.5 34859.494187
10.52 34797.660844
10.54 34736.511306
10.56 34676.036859
10.58 34616.244417
10.6 34557.094827
10.62 34498.596491
10.64 34440.743635
10.66 34383.535651
10.68 34326.995405
10.7 34271.502853
10.72 34250.66866
10.74 34249.992901
10.76 34249.259409
10.78 34236.233479
10.8 34175.723531
10.82 34115.673945
10.84 34056.211701
10.86 33997.334385
10.88 33939.035541
10.9 33881.308045
10.92 33824.158972
10.94 33767.551975
10.96 33711.494752
10.98 33655.980279
11 33601.001649
11.02 33546.552075
11.04 33492.638811
11.06 33439.227011
11.08 33386.324658
11.1 33333.925464
11.12 33282.023271
11.14 33230.626046
11.16 33179.699457
11.18 33129.25222
11.2 33079.278753
11.22 33029.77367
11.24 32980.731855
11.26 32932.162273
11.28 32884.03411
11.3 32838.848049
11.32 32803.058809
11.34 32758.326653
11.36 32718.368415
11.38 32679.013347
11.4 32664.945731
11.42 32664.306793
11.44 32663.489948
11.46 32641.594382
11.48 32612.237821
11.5 32572.384171
11.52 32532.889885
11.54 32493.754721
11.56 32454.975425
11.58 32416.548187
11.6 32378.481941
11.62 32340.746578
11.64 32303.35143
11.66 32266.292596
11.68 32229.56622
11.7 32193.168499
11.72 32157.108231
11.74 32121.356434
11.76 32097.458789
11.78 32079.823399
11.8 32062.356803
11.82 32045.051935
11.84 32013.409377
11.86 31979.950341
11.88 31947.643963
11.9 31909.730011
11.92 31871.906346
11.94 31834.37893
11.96 31797.148889
11.98 31760.237954
12 31723.659862
12.02 31687.503867
12.04 31660.56747
12.06 31646.237074
12.08 31632.20268
12.1 31618.322292
12.12 31604.579383
12.14 31590.968314
12.16 31577.494631
12.18 31564.137979
12.2 31550.904817
12.22 31537.792176
12.24 31524.795584
12.26 31511.905207
12.28 31494.718181
12.3 31467.567158
12.32 31440.650956
12.34 31412.385424
12.36 31384.322696
12.38 31356.638067
12.4 31324.557889
12.42 31292.466253
12.44 31260.616811
12.46 31229.205938
12.48 31206.234709
12.5 31195.291247
12.52 31183.865348
12.54 31159.366078
12.56 31135.072375
12.58 31110.981994
12.6 31087.092608
12.62 31061.95244
12.64 31036.242457
12.66 31016.62093
12.68 30993.514475
12.7 30970.59857
12.72 30947.88237
12.74 30925.341201
12.76 30906.737934
12.78 30884.552405
12.8 30868.238747
12.82 30846.394977
12.84 30824.739177
12.86 30803.247356
12.88 30781.928898
12.9 30760.781996
12.92 30739.804867
12.94 30729.610492
12.96 30719.520406
12.98 30705.750515
13 30684.443785
13.02 30670.895954
13.04 30645.730552
13.06 30619.689191
13.08 30593.748115
13.1 30568.034712
13.12 30542.756713
13.14 30520.444859
13.16 30509.253358
13.18 30501.762603
13.2 30495.623204
13.22 30489.858396
13.24 30484.216342
13.26 30478.646803
13.28 30473.132647
13.3 30467.673186
13.32 30462.237968
13.34 30456.811017
13.36 30439.567238
13.38 30425.71533
13.4 30408.114721
13.42 30386.041593
13.44 30363.104276
13.46 30340.136751
13.48 30319.569051
13.5 30303.139825
13.52 30281.818321
13.54 30269.160452
13.56 30262.24648
13.58 30256.255129
13.6 30250.569618
13.62 30245.030519
13.64 30239.581589
13.66 30234.172033
13.68 30228.774921
13.7 30214.125409
13.72 30197.835587
13.74 30181.674442
13.76 30165.620903
13.78 30152.953658
13.8 30137.123357
13.82 30121.407497
