2.5 30296.216757
2.52 30289.667911
2.54 30280.284891
2.56 30263.63758
2.58 30243.290568
2.6 30222.538969
2.62 30210.302781
2.64 30189.623641
2.66 30168.669912
2.68 30152.323025
2.7 30145.477825
2.72 30140.264796
2.74 30135.462405
2.76 30130.818399
2.78 30120.351782
2.8 30103.170539
2.82 30097.49969
2.84 30094.5028
2.86 30091.53148
2.88 30088.554881
2.9 30085.543093
2.92 30081.811543
2.94 30064.382324
2.96 30045.137831
2.98 30025.908744
3 30007.411511
3.02 29993.203827
3.04 29985.817826
3.06 29981.129845
3.08 29977.177692
3.1 29973.451178
3.12 29969.830201
3.14 29966.263043
3.16 29962.717504
3.18 29951.503641
3.2 29937.894196
3.22 29924.366255
3.24 29910.928186
3.26 29900.158651
3.28 29887.299705
3.3 29874.127437
3.32 29860.43483
3.34 29848.02807
3.36 29835.105415
3.38 29826.739936
3.4 29810.311652
3.42 29796.851944
3.44 29784.155824
3.46 29771.757146
3.48 29763.748677
3.5 29751.392759
3.52 29739.116634
3.54 29726.928282
3.56 29718.112251
3.58 29717.143834
3.6 29716.196519
3.62 29715.260405
3.64 29714.338529
3.66 29713.406704
3.68 29712.457944
3.7 29711.414397
3.72 29703.379741
3.74 29687.664879
3.76 29675.39405
3.78 29668.823618
3.8 29667.81713
3.82 29663.733483
3.84 29650.205824
3.86 29636.759249
3.88 29631.034082
3.9 29630.532941
3.92 29630.039238
3.94 29629.548408
3.96 29621.364995
3.98 29610.206365
4 29599.809913
4.02 29594.220994
4.04 29584.021709
4.06 29575.742226
4.08 29570.902017
4.1 29557.57809
4.12 29548.830807
4.14 29545.222821
4.16 29545.074669
4.18 29544.993491
4.2 29544.934621
4.22 29544.872055
4.24 29540.5698
4.26 29540.446173
4.28 29540.412523
4.3 29540.357246
4.32 29540.159382
4.34 29531.433935
4.36 29519.888556
4.38 29504.814362
4.4 29489.856885
4.42 29482.333757
4.44 29480.837215
4.46 29479.767487
4.48 29478.811066
4.5 29471.720044
4.52 29461.731013
4.54 29451.808354
4.56 29441.935507
4.58 29434.722311
4.6 29424.958327
4.62 29415.250999
4.64 29405.599898
4.66 29402.395832
4.68 29401.886836
4.7 29400.730474
4.72 29394.699225
4.74 29382.837761
4.76 29371.986901
4.78 29360.73248
4.8 29349.531782
4.82 29338.39394
4.84 29331.796666
4.86 29331.502715
4.88 29331.310648
4.9 29331.13905
4.92 29330.977444
4.94 29330.816345
4.96 29330.645729
4.98 29330.444251
5 29330.135173
5.02 29328.688706
5.04 29319.661346
5.06 29312.087261
5.08 29308.180433
5.1 29308.080864
5.12 29305.21229
5.14 29296.068197
5.16 29287.662163
5.18 29278.959615
5.2 29270.305008
5.22 29261.70549
5.24 29253.145582
5.26 29244.632579
5.28 29236.166145
5.3 29227.745947
5.32 29219.371653
5.34 29211.050322
5.36 29202.766732
5.38 29194.528076
5.4 29186.334036
5.42 29178.184294
5.44 29170.078539
5.46 29162.023729
5.48 29154.004892
5.5 29146.029119
5.52 29138.096107
5.54 29130.205557
5.56 29122.364444
5.58 29111.220306
5.6 29099.229642
5.62 29087.634207
5.64 29077.217472
5.66 29070.183329
5.68 29067.266437
5.7 29066.065474
5.72 29061.066463
5.74 29053.58437
5.76 29046.141607
5.78 29038.74509
5.8 29031.380062
5.82 29024.053562
5.84 29016.765326
5.86 29009.515093
5.88 29002.302604
5.9 28995.134677
5.92 28987.996788
5.94 28980.895879
5.96 28973.831699
5.98 28966.803999
6 28959.812533
6.02 28952.864027
6.04 28945.944182
6.06 28939.059844
6.08 28932.210774
6.1 28924.104432
6.12 28912.853436
6.14 28901.657722
6.16 28890.527302
6.18 28879.466012
6.2 28868.479097
6.22 28857.574006
6.24 28846.76851
6.26 28836.065453
6.28 28825.497599
6.3 28815.105124
6.32 28804.944564
9.68 38776.183871
9.7 38706.733291
9.72 38684.009771
9.74 38683.585666
9.76 38682.692437
9.78 38583.713263
9.8 38482.779385
9.82 38383.037896
9.84 38347.844649
9.86 38347.438846
9.88 38332.846208
9.9 38230.230051
9.92 38128.747405
9.94 38028.414769
9.96 37929.216685
9.98 37831.138468
10 37734.18249
10.02 37659.878841
10.04 37565.147643
10.06 37471.294493
10.08 37378.46289
10.1 37286.652368
10.12 37195.853102
10.14 37106.061598
10.16 37017.255677
10.18 36929.448679
10.2 36842.733768
10.22 36767.487504
10.24 36728.262684
10.26 36663.747787
10.28 36589.301255
10.3 36512.397929
10.32 36435.793017
10.34 36359.952296
10.36 36284.9542
10.38 36210.774632
10.4 36137.425413
10.42 36064.898291
10.44 35993.183777
10.46 35922.287987
10.48 35852.169752
10.5 35782.838167
10.52 35714.290517
10.54 35646.542653
10.56 35579.706473
10.58 35514.453949
10.6 35450.145961
10.62 35385.943547
10.64 35322.139399
10.66 35258.887313
10.68 35196.240337
10.7 35134.236182
10.72 35072.852719
10.74 35012.106126
10.76 34951.99321
10.78 34892.510093
10.8 34833.665198
10.82 34775.421825
10.84 34717.788428
10.86 34660.757958
10.88 34604.323281
10.9 34548.477706
10.92 34493.229107
10.94 34438.542969
10.96 34384.432256
10.98 34330.908974
11 34278.119467
11.02 34232.427844
11.04 34180.957274
11.06 34129.590428
11.08 34078.701255
11.1 34028.314343
11.12 33978.430895
11.14 33929.061512
11.16 33880.17251
11.18 33831.772686
11.2 33783.856172
11.22 33736.417036
11.24 33689.449315
11.26 33642.960794
11.28 33596.917978
11.3 33551.329143
11.32 33506.188601
11.34 33461.490739
11.36 33417.230005
11.38 33369.711838
11.4 33322.715316
11.42 33279.759632
11.44 33237.219495
11.46 33190.447025
11.48 33148.749468
11.5 33107.438831
11.52 33066.523844
11.54 33025.999646
11.56 32985.861444
11.58 32946.104521
11.6 32906.737117
11.62 32867.728478
11.64 32829.087378
11.66 32790.809371
11.68 32752.890073
11.7 32715.325174
11.72 32678.123061
11.74 32645.703374
11.76 32609.163208
11.78 32572.959806
11.8 32537.089977
11.82 32501.562441
11.84 32466.347784
11.86 32431.45513
11.88 32396.880693
11.9 32362.620737
11.92 32328.671579
11.94 32295.041845
11.96 32261.703088
11.98 32228.664392
12 32195.922279
12.02 32163.473317
12.04 32131.314122
12.06 32099.453305
12.08 32067.863349
12.1 32036.5533
12.12 32011.944299
12.14 31981.162662
12.16 31950.663583
12.18 31920.419704
12.2 31890.440324
12.22 31860.722464
12.24 31831.263187
12.26 31802.059596
12.28 31773.120518
12.3 31744.41945
12.32 31715.965622
12.34 31687.756294
12.36 31659.536933
12.38 31625.922383
12.4 31603.63935
12.42 31571.212311
12.44 31544.205378
12.46 31517.427154
12.48 31490.875131
12.5 31470.587884
12.52 31444.460878
12.54 31418.55269
12.56 31392.859847
12.58 31366.441191
12.6 31339.003248
12.62 31311.795097
12.64 31288.817205
12.66 31267.586483
12.68 31243.146755
12.7 31218.907928
12.72 31194.879042
12.74 31171.035314
12.76 31147.386139
12.78 31124.271489
12.8 31113.147394
12.82 31102.094246
12.84 31091.081317
12.86 31080.030081
12.88 31068.750864
12.9 31056.468873
12.92 31039.426417
12.94 31014.577242
12.96 30987.318103
12.98 30967.623603
13 30943.82322
13.02 30916.204776
13.04 30888.789826
13.06 30882.197447
13.08 30882.160952
13.1 30882.147665
13.12 30882.138906
13.14 30882.130842
13.16 30874.782761
13.18 30851.776128
13.2 30828.929549
13.22 30806.252213
13.24 30783.74253
13.26 30761.398961
13.28 30739.22048
13.3 30724.279914
13.32 30715.177027
13.34 30703.979264
13.36 30690.597917
13.38 30674.506561
13.4 30649.780909
13.42 30624.81604
13.44 30599.97771
13.46 30575.356688
13.48 30551.161662
13.5 30530.587349
13.52 30523.217204
13.54 30517.502487
13.56 30511.959104
13.58 30506.493888
13.6 30491.914208
13.62 30477.442618
13.64 30459.731964
13.66 30442.14126
13.68 30424.679341
13.7 30407.344983
13.72 30390.136978
13.74 30373.06399
13.76 30356.104893
13.78 30344.28813
13.8 30327.559562
13.82 30310.951583
