2.5 30439.869926
2.52 30434.99934
2.54 30430.154738
2.56 30423.28639
2.58 30406.41836
2.6 30389.6701
2.62 30374.844708
2.64 30359.775013
2.66 30343.37068
2.68 30327.08182
2.7 30310.907379
2.72 30294.846311
2.74 30278.907069
2.76 30263.069434
2.78 30244.164392
2.8 30228.554706
2.82 30216.214508
2.84 30200.812196
2.86 30185.525566
2.88 30172.110885
2.9 30160.006672
2.92 30145.011435
2.94 30130.118885
2.96 30115.337426
2.98 30100.647315
3 30086.057179
3.02 30076.93738
3.04 30072.809386
3.06 30065.663577
3.08 30060.628615
3.1 30057.847966
3.12 30054.808516
3.14 30048.783282
3.16 30035.600568
3.18 30017.821214
3.2 29999.248853
3.22 29980.798187
3.24 29966.955884
3.26 29952.672751
3.28 29945.478475
3.3 29941.383364
3.32 29937.799413
3.34 29934.396216
3.36 29931.077207
3.38 29927.799694
3.4 29924.533389
3.42 29921.248237
3.44 29917.849408
3.46 29914.096215
3.48 29906.836675
3.5 29891.816908
3.52 29876.892009
3.54 29863.188473
3.56 29847.32174
3.58 29832.671261
3.6 29818.752552
3.62 29813.311146
3.64 29809.837421
3.66 29797.491282
3.68 29785.223497
3.7 29773.033418
3.72 29760.920403
3.74 29751.726064
3.76 29739.767061
3.78 29732.168133
3.8 29720.33989
3.82 29708.585676
3.84 29705.698008
3.86 29704.83451
3.88 29703.973043
3.9 29703.068466
3.92 29701.611906
3.94 29686.877659
3.96 29671.378101
3.98 29660.694545
4 29653.625266
4.02 29650.98032
4.04 29648.974837
4.06 29647.142678
4.08 29643.167003
4.1 29630.083596
4.12 29625.524329
4.14 29625.066734
4.16 29624.609074
4.18 29624.143742
4.2 29623.651856
4.22 29617.938426
4.24 29606.493684
4.26 29595.312669
4.28 29584.005381
4.3 29574.905466
4.32 29566.993963
4.34 29556.522445
4.36 29550.017758
4.38 29544.544896
4.4 29544.478626
4.42 29544.418472
4.44 29544.368074
4.46 29544.308502
4.48 29540.347593
4.5 29540.302087
4.52 29540.178086
4.54 29532.000752
4.56 29520.219995
4.58 29508.851567
4.6 29494.078419
4.62 29479.553887
4.64 29473.581733
4.66 29472.269101
4.68 29471.288384
4.7 29470.402665
4.72 29469.55379
4.74 29468.716909
4.76 29467.872533
4.78 29462.571175
4.8 29452.888615
4.82 29443.261159
4.84 29433.688396
4.86 29426.712806
4.88 29417.2505
4.9 29407.833826
4.92 29400.23158
4.94 29392.979498
4.96 29381.208069
4.98 29371.748981
5 29365.342446
5.02 29356.230207
5.04 29348.254434
5.06 29339.04848
5.08 29330.242353
5.1 29330.069771
5.12 29329.92276
5.14 29329.773582
5.16 29329.621425
5.18 29329.454246
5.2 29329.239241
5.22 29328.80284
5.24 29324.726961
5.26 29317.061512
5.28 29308.324773
5.3 29308.054854
5.32 29307.993279
5.34 29307.965482
5.36 29307.936265
5.38 29297.610277
5.4 29290.805455
5.42 29290.609851
5.44 29284.002359
5.46 29275.54352
5.48 29267.122746
5.5 29258.747116
5.52 29250.416312
5.54 29242.130022
5.56 29233.895217
5.58 29225.696899
5.6 29217.54217
5.62 29209.430727
5.64 29201.362268
5.66 29189.73814
5.68 29177.532448
5.7 29165.59025
5.72 29154.126056
5.74 29143.439123
5.76 29132.709602
5.78 29121.035925
5.8 29109.158667
5.82 29097.417092
5.84 29086.114795
5.86 29076.12612
5.88 29069.694758
5.9 29067.089989
5.92 29065.981396
5.94 29065.353285
5.96 29064.904157
5.98 29064.519238
6 29063.17069
6.02 29055.871781
6.04 29048.60327
6.06 29041.371992
6.08 29034.1777
6.1 29027.020144
6.12 29019.906063
6.14 29012.821134
6.16 29005.772211
6.18 28998.759057
6.2 28991.781431
6.22 28981.518225
6.24 28970.192711
6.26 28958.909894
6.28 28947.679037
6.3 28936.50206
6.32 28925.380768
9.8 38766.313341
9.82 38687.44785
9.84 38682.627916
9.86 38682.21512
9.88 38674.402832
9.9 38575.112685
9.92 38476.676179
9.94 38379.402752
9.96 38347.869222
9.98 38347.490695
10 38308.037318
10.02 38207.9721
10.04 38109.012268
10.06 38011.149842
10.08 37914.370286
10.1 37818.66043
10.12 37724.036865
10.14 37651.688625
10.16 37559.123415
10.18 37467.448336
10.2 37376.751726
10.22 37287.031861
10.24 37198.285929
10.26 37110.490467
10.28 37023.645768
10.3 36937.757148
10.32 36852.908688
10.34 36778.08587
10.36 36754.682376
10.38 36705.479067
10.4 36637.363634
10.42 36563.432643
10.44 36488.50177
10.46 36414.133355
10.48 36340.506504
10.5 36267.669923
10.52 36195.6259
10.54 36124.368886
10.56 36053.890766
10.58 35984.197861
10.6 35915.250127
10.62 35847.055038
10.64 35779.605747
10.66 35712.900686
10.68 35646.954184
10.7 35581.883042
10.72 35518.264418
10.74 35455.636035
10.76 35393.091101
10.78 35330.917223
10.8 35269.26967
10.82 35208.177572
10.84 35147.68019
10.86 35087.786307
10.88 35028.496974
10.9 34969.811268
10.92 34911.738765
10.94 34854.24493
10.96 34797.338679
10.98 34741.013677
11 34685.263279
11.02 34630.081168
11.04 34575.47467
11.06 34521.409193
11.08 34467.893575
11.1 34414.923853
11.12 34362.501265
11.14 34310.667304
11.16 34259.989086
11.18 34215.510033
11.2 34165.299277
11.22 34115.43966
11.24 34066.045565
11.26 34017.142983
11.28 33968.703426
11.3 33920.737095
11.32 33873.239095
11.34 33826.204125
11.36 33779.626689
11.38 33733.514601
11.4 33687.835478
11.42 33637.265318
11.44 33590.490424
11.46 33546.144661
11.48 33501.26334
11.5 33454.110981
11.52 33411.036217
11.54 33368.371392
11.56 33326.111497
11.58 33284.251596
11.6 33242.79972
11.62 33201.724908
11.64 33161.035726
11.66 33120.727527
11.68 33080.795727
11.7 33041.235812
11.72 33002.05588
11.74 32963.226074
11.76 32924.755004
11.78 32886.638409
11.8 32848.87209
11.82 32811.464495
11.84 32774.386006
11.86 32737.645564
11.88 32701.239219
11.9 32665.16508
11.92 32633.767224
11.94 32598.339311
11.96 32563.217145
11.98 32528.40997
12 32493.914202
12.02 32459.726269
12.04 32425.842638
12.06 32392.271767
12.08 32358.985986
12.1 32325.99419
12.12 32293.293034
12.14 32260.879214
12.16 32228.761455
12.18 32196.91225
12.2 32165.340754
12.22 32134.043841
12.24 32103.01843
12.26 32072.261483
12.28 32041.781686
12.3 32011.552396
12.32 31981.582707
12.34 31951.869744
12.36 31922.410672
12.38 31893.214406
12.4 31864.254443
12.42 31835.540097
12.44 31805.91148
12.46 31774.835016
12.48 31746.854051
12.5 31719.119559
12.52 31691.605828
12.54 31664.322092
12.56 31637.265871
12.58 31610.434721
12.6 31583.82623
12.62 31557.449174
12.64 31531.27859
12.66 31505.323613
12.68 31479.581944
12.7 31454.051273
12.72 31427.932393
12.74 31403.014954
12.76 31378.714377
12.78 31354.005643
12.8 31329.497073
12.82 31305.186565
12.84 31281.082976
12.86 31257.162118
12.88 31237.185515
12.9 31213.635198
12.92 31190.27289
12.94 31167.096645
12.96 31144.115222
12.98 31121.30509
13 31104.301062
13.02 31081.832614
13.04 31059.540953
13.06 31037.434983
13.08 31015.491242
13.1 30993.71895
13.12 30972.116369
13.14 30950.681787
13.16 30929.413513
13.18 30916.771466
13.2 30896.846146
13.22 30881.821421
13.24 30865.503333
13.26 30857.272001
13.28 30849.638959
13.3 30842.142283
13.32 30834.717719
13.34 30827.360984
13.36 30820.066051
13.38 30812.828602
13.4 30805.652336
13.42 30798.510235
13.44 30780.845085
13.46 30759.071894
13.48 30737.455012
13.5 30715.993071
13.52 30694.694706
13.54 30673.538175
13.56 30652.532381
13.58 30631.675985
13.6 30615.647102
13.62 30601.302182
13.64 30578.041865
13.66 30554.1868
13.68 30530.396459
13.7 30509.605474
13.72 30489.756391
13.74 30470.056184
13.76 30459.95584
13.78 30454.792788
13.8 30449.758894
13.82 30444.790261
