2.5 30477.90881
2.52 30460.675806
2.54 30443.55601
2.56 30426.558276
2.58 30414.649334
2.6 30397.878731
2.62 30381.236587
2.64 30367.770903
2.66 30357.118876
2.68 30339.261775
2.7 30318.589605
2.72 30299.720299
2.74 30284.08479
2.76 30267.917241
2.78 30252.176919
2.8 30236.545983
2.82 30221.023438
2.84 30213.658443
2.86 30208.559233
2.88 30203.626613
2.9 30198.783504
2.92 30183.582127
2.94 30166.401062
2.96 30158.833391
2.98 30155.588525
3 30152.357808
3.02 30149.123374
3.04 30145.810479
3.06 30137.289183
3.08 30118.100738
3.1 30098.737288
3.12 30079.792017
3.14 30062.718682
3.16 30051.358788
3.18 30047.315028
3.2 30043.361792
3.22 30039.386013
3.24 30035.506318
3.26 30031.686281
3.28 30027.897102
3.3 30024.118473
3.32 30018.555046
3.34 30004.862026
3.36 29991.258683
3.38 29977.744251
3.4 29964.317969
3.42 29950.98787
3.44 29937.735821
3.46 29924.569197
3.48 29911.487944
3.5 29898.491197
3.52 29885.578233
3.54 29872.757004
3.56 29860.009322
3.58 29847.343336
3.6 29834.758361
3.62 29822.253722
3.64 29812.71377
3.66 29804.71743
3.68 29792.432154
3.7 29780.224663
3.72 29768.094313
3.74 29756.04047
3.76 29754.01272
3.78 29752.914755
3.8 29751.822425
3.82 29750.728228
3.84 29749.612798
3.86 29748.368434
3.88 29739.223017
3.9 29725.750249
3.92 29712.838145
3.94 29702.29742
3.96 29701.005536
3.98 29700.119779
4 29696.321207
4.02 29682.91452
4.04 29669.587177
4.06 29659.582682
4.08 29658.958573
4.1 29658.34822
4.12 29657.730138
4.14 29657.104248
4.16 29650.89164
4.18 29639.838071
4.2 29631.5744
4.22 29620.991438
4.24 29609.785766
4.26 29598.989276
4.28 29588.257647
4.3 29578.248543
4.32 29573.461543
4.34 29573.220494
4.36 29572.959351
4.38 29571.9959
4.4 29570.673954
4.42 29569.329476
4.44 29561.03629
4.46 29555.799785
4.48 29555.673037
4.5 29555.485941
4.52 29546.162433
4.54 29541.259763
4.56 29540.490603
4.58 29540.411239
4.6 29540.372552
4.62 29540.344418
4.64 29531.910441
4.66 29521.838517
4.68 29511.816673
4.7 29504.439714
4.72 29494.527098
4.74 29484.671281
4.76 29474.871839
4.78 29466.998009
4.8 29459.327253
4.82 29449.685758
4.84 29440.09901
4.86 29430.566604
4.88 29426.634671
4.9 29416.839905
4.92 29404.840628
4.94 29398.848985
4.96 29394.094645
4.98 29382.963805
5 29371.901503
5.02 29370.275994
5.04 29369.883015
5.06 29369.522319
5.08 29369.172782
5.1 29368.821332
5.12 29368.458834
5.14 29368.029878
5.16 29367.361124
5.18 29364.248064
5.2 29353.478741
5.22 29345.89272
5.24 29333.124084
5.26 29329.573271
5.28 29329.275442
5.3 29329.092252
5.32 29328.93614
5.34 29318.532424
5.36 29316.331941
5.38 29309.67669
5.4 29303.492539
5.42 29294.929573
5.44 29290.063108
5.46 29281.591752
5.48 29273.158508
5.5 29264.770454
5.52 29256.427274
5.54 29248.128654
5.56 29239.881563
5.58 29231.671002
5.6 29223.504071
5.62 29214.624807
5.64 29203.72419
5.66 29195.693456
5.68 29185.360306
5.7 29177.418902
5.72 29169.519314
5.74 29161.661248
5.76 29153.844419
5.78 29146.075729
5.8 29138.340407
5.82 29131.162261
5.84 29125.305897
5.86 29117.686356
5.88 29110.106407
5.9 29102.572856
5.92 29095.071166
5.94 29087.608268
5.96 29080.183899
5.98 29072.797799
6 29065.449722
6.02 29061.587716
6.04 29054.30796
6.06 29047.065468
6.08 29039.859998
6.1 29032.691304
6.12 29025.566123
6.14 29018.47013
6.16 29011.410178
6.18 29004.318232
6.2 28994.016577
6.22 28987.069807
6.24 28977.938724
6.26 28971.066167
6.28 28964.228215
6.3 28957.424635
6.32 28950.655201
9.8 38779.276899
9.82 38759.929285
9.84 38759.193403
9.86 38758.470787
9.88 38724.097665
9.9 38723.702365
9.92 38719.806526
9.94 38638.273294
9.96 38534.667381
9.98 38432.229477
10 38346.052657
10.02 38267.818425
10.04 38172.841623
10.06 38078.985623
10.08 37986.239289
10.1 37894.588396
10.12 37804.022675
10.14 37714.613046
10.16 37632.25711
10.18 37545.552513
10.2 37459.352769
10.22 37374.076363
10.24 37289.791923
10.26 37206.478594
10.28 37124.156727
10.3 37042.841429
10.32 36962.549613
10.34 36883.311532
10.36 36805.166183
10.38 36728.037878
10.4 36651.790184
10.42 36576.284534
10.44 36501.473173
10.46 36427.388078
10.48 36354.022635
10.5 36281.412727
10.52 36209.571252
10.54 36138.507865
10.56 36068.232678
10.58 35998.777599
10.6 35930.146077
10.62 35862.436514
10.64 35795.870634
10.66 35731.295912
10.68 35673.229255
10.7 35640.59061
10.72 35631.225755
10.74 35626.557647
10.76 35612.831626
10.78 35552.062412
10.8 35482.919639
10.82 35414.396957
10.84 35346.540399
10.86 35279.34605
10.88 35212.806912
10.9 35146.915411
10.92 35081.678146
10.94 35017.058138
10.96 34953.062586
10.98 34889.683907
11 34826.914613
11.02 34764.74734
11.04 34703.188764
11.06 34642.203366
11.08 34581.79854
11.1 34521.967416
11.12 34462.70335
11.14 34404.014223
11.16 34345.867208
11.18 34288.286128
11.2 34244.826124
11.22 34191.155611
11.24 34135.211589
11.26 34079.711296
11.28 34024.687846
11.3 33970.163017
11.32 33916.135452
11.34 33862.601206
11.36 33809.555409
11.38 33757.006021
11.4 33704.920836
11.42 33653.308052
11.44 33602.162249
11.46 33553.423655
11.48 33509.490344
11.5 33465.963389
11.52 33422.851309
11.54 33380.149053
11.56 33337.85164
11.58 33295.954159
11.6 33254.464653
11.62 33213.352197
11.64 33172.625367
11.66 33132.279529
11.68 33092.310113
11.7 33052.712617
11.72 33013.495147
11.74 32974.627866
11.76 32936.119387
11.78 32897.965462
11.8 32860.161902
11.82 32822.717168
11.84 32785.601659
11.86 32748.824365
11.88 32712.381485
11.9 32676.271158
11.92 32663.867079
11.94 32663.627483
11.96 32644.070909
11.98 32606.920562
12 32570.060288
12.02 32533.509769
12.04 32497.268246
12.06 32461.345
12.08 32425.712772
12.1 32390.380675
12.12 32355.345526
12.14 32320.604156
12.16 32286.165402
12.18 32252.00185
12.2 32218.122766
12.22 32184.525099
12.24 32151.205848
12.26 32118.162048
12.28 32085.402451
12.3 32052.900445
12.32 32019.328646
12.34 31983.035552
12.36 31947.034505
12.38 31911.334586
12.4 31875.909554
12.42 31841.708722
12.44 31813.217054
12.46 31784.553348
12.48 31750.844184
12.5 31729.185442
12.52 31701.639499
12.54 31674.32369
12.56 31647.235514
12.58 31620.372447
12.6 31593.731696
12.62 31567.277392
12.64 31539.018777
12.66 31510.916394
12.68 31483.455812
12.7 31457.908795
12.72 31432.585983
12.74 31407.458622
12.76 31388.375551
12.78 31363.636775
12.8 31339.098324
12.82 31314.758097
12.84 31290.624946
12.86 31266.674684
12.88 31242.916502
12.9 31225.671931
12.92 31214.187301
12.94 31202.742029
12.96 31191.271185
12.98 31179.562458
13 31166.727265
13.02 31148.288945
13.04 31122.353141
13.06 31094.634512
13.08 31072.156146
13.1 31050.197631
13.12 31022.430422
13.14 30994.706514
13.16 30967.206998
13.18 30940.171885
13.2 30918.040917
13.22 30906.258572
13.24 30896.326381
13.26 30886.874579
13.28 30882.141264
13.3 30882.142223
13.32 30882.134483
13.34 30882.12592
13.36 30869.52239
13.38 30847.108997
13.4 30824.874967
13.42 30814.692445
13.44 30804.060979
13.46 30787.783203
13.48 30775.070347
13.5 30751.871687
13.52 30726.816256
13.54 30701.801245
13.56 30676.957952
13.58 30652.376245
13.6 30628.489096
13.62 30611.698592
13.64 30604.922181
13.66 30598.916072
13.68 30593.049325
13.7 30587.256972
13.72 30580.655355
13.74 30562.974512
13.76 30548.135235
13.78 30530.387967
13.8 30512.768601
13.82 30495.275943
