2.5 30547.313222
2.52 30530.130853
2.54 30510.552528
2.56 30487.866529
2.58 30465.072327
2.6 30442.442774
2.62 30420.408299
2.64 30407.469568
2.66 30402.396898
2.68 30397.715686
2.7 30380.31861
2.72 30361.825486
2.74 30343.848469
2.76 30338.189952
2.78 30332.625378
2.8 30327.107509
2.82 30321.605988
2.84 30316.076079
2.86 30310.425049
2.88 30304.320926
2.9 30296.242973
2.92 30281.599499
2.94 30262.313761
2.96 30244.846772
2.98 30231.040501
3 30210.720392
3.02 30190.388927
3.04 30172.625075
3.06 30165.052534
3.08 30159.858667
3.1 30155.135911
3.12 30150.596587
3.14 30145.937937
3.16 30131.402425
3.18 30120.006984
3.2 30105.665825
3.22 30091.410806
3.24 30077.25026
3.26 30063.183369
3.28 30049.209326
3.3 30035.336311
3.32 30026.090079
3.34 30014.660396
3.36 29998.976599
3.38 29985.225073
3.4 29971.779377
3.42 29958.43054
3.44 29946.952316
3.46 29938.100294
3.48 29921.960925
3.5 29908.557555
3.52 29892.929124
3.54 29880.089787
3.56 29874.149601
3.58 29872.335188
3.6 29870.617954
3.62 29868.936204
3.64 29867.282949
3.66 29865.633529
3.68 29863.990491
3.7 29862.342724
3.72 29860.65371
3.74 29858.128235
3.76 29842.260656
3.78 29825.543873
3.8 29809.624692
3.82 29799.045485
3.84 29794.241329
3.86 29791.17529
3.88 29778.457861
3.9 29764.561227
3.92 29750.747824
3.94 29744.723098
3.96 29743.68244
3.98 29742.665028
4 29741.647302
4.02 29730.168857
4.04 29718.63384
4.06 29707.16928
4.08 29698.52714
4.1 29691.370885
4.12 29680.098138
4.14 29668.893706
4.16 29657.757048
4.18 29655.135833
4.2 29642.262217
4.22 29631.169752
4.24 29623.337025
4.26 29622.659796
4.28 29622.18089
4.3 29621.734846
4.32 29621.308662
4.34 29620.878927
4.36 29611.039399
4.38 29598.428967
4.4 29593.853443
4.42 29593.547684
4.44 29593.224867
4.46 29592.438534
4.48 29578.862466
4.5 29570.25143
4.52 29565.036632
4.54 29563.218679
4.56 29561.786474
4.58 29560.470307
4.6 29554.861659
4.62 29544.658677
4.64 29540.319678
4.66 29540.302841
4.68 29540.274721
4.7 29540.235896
4.72 29532.537633
4.74 29520.645528
4.76 29508.819654
4.78 29501.554406
4.8 29489.776505
4.82 29476.553306
4.84 29466.9205
4.86 29454.572397
4.88 29440.475067
4.9 29430.246917
4.92 29428.838382
4.94 29428.041652
4.96 29427.364106
4.98 29426.728827
5 29426.116438
5.02 29425.494576
5.04 29424.849323
5.06 29424.129165
5.08 29423.115418
5.1 29419.700077
5.12 29408.881949
5.14 29398.773761
5.16 29394.15171
5.18 29393.233131
5.2 29389.245737
5.22 29380.215908
5.24 29371.22785
5.26 29362.289326
5.28 29353.39932
5.3 29345.711543
5.32 29338.204784
5.34 29329.461504
5.36 29324.439197
5.38 29316.262821
5.4 29316.188536
5.42 29316.097169
5.44 29315.94422
5.46 29315.219065
5.48 29308.643975
5.5 29300.130969
5.52 29292.952871
5.54 29291.813912
5.56 29291.380477
5.58 29291.116825
5.6 29290.914267
5.62 29290.725977
5.64 29288.920363
5.66 29278.80934
5.68 29268.756144
5.7 29258.747105
5.72 29248.789219
5.74 29238.882155
5.76 29229.025578
5.78 29219.226339
5.8 29209.469618
5.82 29199.76239
5.84 29190.10433
5.86 29180.495112
5.88 29170.934416
5.9 29161.428997
5.92 29151.964261
5.94 29142.547053
5.96 29133.176958
5.98 29123.853641
6 29114.577069
6.02 29105.353785
6.04 29095.673135
6.06 29084.664309
6.08 29075.115256
6.1 29068.88466
6.12 29059.894849
6.14 29050.936577
6.16 29042.022439
6.18 29033.152254
6.2 29024.325758
6.22 29015.542677
6.24 29006.809618
6.26 28998.112432
6.28 28989.457839
6.3 28980.845568
6.32 28972.275349
9.8 38842.706504
9.82 38841.065623
9.84 38839.452383
9.86 38788.935053
9.88 38787.807625
9.9 38786.799374
9.92 38756.390003
9.94 38673.133235
9.96 38577.593876
9.98 38479.6475
10 38383.576579
10.02 38349.073841
10.04 38348.317385
10.06 38347.984446
10.08 38281.877729
10.1 38188.997316
10.12 38097.124372
10.14 38006.274278
10.16 37916.402442
10.18 37827.514202
10.2 37739.609891
10.22 37700.505572
10.24 37699.444203
10.26 37622.857601
10.28 37532.381132
10.3 37442.862717
10.32 37354.294088
10.34 37266.663172
10.36 37179.972994
10.38 37094.179954
10.4 37009.288476
10.42 36925.289012
10.44 36842.186836
10.46 36776.056781
10.48 36698.142562
10.5 36617.618365
10.52 36537.826605
10.54 36458.830074
10.56 36380.63267
10.58 36303.243792
10.6 36226.625544
10.62 36150.78459
10.64 36075.712204
10.66 36001.400888
10.68 35927.844396
10.7 35855.05583
10.72 35783.01869
10.74 35711.840338
10.76 35643.494034
10.78 35625.219442
10.8 35620.375576
10.82 35610.250695
10.84 35576.213392
10.86 35519.428319
10.88 35457.848374
10.9 35396.326792
10.92 35335.365209
10.94 35274.99015
10.96 35215.224435
10.98 35156.065806
11 35097.508805
11.02 35039.547038
11.04 34982.18735
11.06 34925.394174
11.08 34869.174692
11.1 34813.521677
11.12 34758.427945
11.14 34703.900433
11.16 34649.903667
11.18 34596.445204
11.2 34543.518246
11.22 34491.116121
11.24 34439.232324
11.26 34387.874236
11.28 34337.00883
11.3 34286.650052
11.32 34240.219033
11.34 34191.877157
11.36 34143.044763
11.38 34094.645458
11.4 34046.685224
11.42 33999.180692
11.44 33952.129245
11.46 33905.434579
11.48 33854.761772
11.5 33809.048864
11.52 33763.770661
11.54 33714.742287
11.56 33664.179564
11.58 33614.064975
11.6 33564.40637
11.62 33515.172599
11.64 33466.372005
11.66 33417.999717
11.68 33370.05093
11.7 33322.520917
11.72 33275.417582
11.74 33228.710911
11.76 33182.409396
11.78 33136.508733
11.8 33091.00479
11.82 33045.906251
11.84 33001.184023
11.86 32956.848061
11.88 32912.89633
11.9 32869.328704
11.92 32826.149382
11.94 32783.386611
11.96 32741.074951
11.98 32699.574984
12 32667.857651
12.02 32664.750364
12.04 32664.256901
12.06 32664.013071
12.08 32652.944547
12.1 32618.248282
12.12 32583.856689
12.14 32549.766441
12.16 32515.986123
12.18 32482.488083
12.2 32449.281329
12.22 32416.362593
12.24 32383.728651
12.26 32351.376321
12.28 32319.314149
12.3 32287.515353
12.32 32255.98889
12.34 32224.731746
12.36 32193.740949
12.38 32163.025283
12.4 32132.558109
12.42 32102.348611
12.44 32072.393975
12.46 32042.69142
12.48 32013.238208
12.5 31984.043065
12.52 31950.972436
12.54 31916.010747
12.56 31881.322789
12.58 31846.905986
12.6 31812.75782
12.62 31778.886975
12.64 31745.268528
12.66 31711.911654
12.68 31678.814285
12.7 31645.974812
12.72 31613.404805
12.74 31581.128622
12.76 31560.642171
12.78 31529.477105
12.8 31497.905836
12.82 31466.530185
12.84 31435.394617
12.86 31404.485996
12.88 31373.824614
12.9 31343.440976
12.92 31313.645223
12.94 31295.495855
12.96 31284.956153
12.98 31274.681699
13 31264.526179
13.02 31254.466512
13.04 31244.494903
13.06 31226.280738
13.08 31201.236597
13.1 31176.379833
13.12 31151.70873
13.14 31127.22153
13.16 31102.91656
13.18 31078.804393
13.2 31065.654489
13.22 31055.404088
13.24 31045.067821
13.26 31033.5378
13.28 31012.172368
13.3 30990.979925
13.32 30970.600861
13.34 30949.718185
13.36 30928.331647
13.38 30907.763834
13.4 30883.095008
13.42 30867.101438
13.44 30846.993587
13.46 30827.036165
13.48 30807.227716
13.5 30787.566798
13.52 30771.509456
13.54 30757.328801
13.56 30738.118228
13.58 30719.008607
13.6 30700.039704
13.62 30681.210174
13.64 30662.52853
13.66 30643.973556
13.68 30625.554027
13.7 30607.26866
13.72 30589.116191
13.74 30575.842994
13.76 30570.198567
13.78 30564.590408
13.8 30559.005002
13.82 30553.397343
