2.5 30549.929925
2.52 30534.728833
2.54 30520.272815
2.56 30512.208843
2.58 30493.94654
2.6 30474.682804
2.62 30455.55988
2.64 30436.557193
2.66 30417.683546
2.68 30398.938632
2.7 30393.131946
2.72 30388.601333
2.74 30384.121065
2.76 30379.666408
2.78 30375.240919
2.8 30370.835812
2.82 30366.428532
2.84 30361.909712
2.86 30350.011673
2.88 30329.463851
2.9 30310.770086
2.92 30294.328917
2.94 30273.809833
2.96 30253.480207
2.98 30242.591348
3 30238.564902
3.02 30234.872694
3.04 30220.090062
3.06 30205.057138
3.08 30190.134628
3.1 30175.303174
3.12 30160.571233
3.14 30146.149683
3.16 30134.453234
3.18 30124.634073
3.2 30110.28102
3.22 30096.014159
3.24 30081.841821
3.26 30067.763185
3.28 30053.777435
3.3 30039.892733
3.32 30029.754083
3.34 30016.324163
3.36 30011.857963
3.38 30005.039349
3.4 29991.305942
3.42 29973.907206
3.44 29955.981145
3.46 29943.498348
3.48 29927.949346
3.5 29913.588402
3.52 29908.477869
3.54 29904.905038
3.56 29901.663375
3.58 29898.553127
3.6 29895.505928
3.62 29892.487008
3.64 29889.474512
3.66 29886.406925
3.68 29883.182262
3.7 29879.384416
3.72 29872.636326
3.74 29859.452406
3.76 29851.034899
3.78 29834.084553
3.8 29816.925458
3.82 29802.046254
3.84 29798.773529
3.86 29792.432846
3.88 29788.546548
3.9 29786.052101
3.92 29783.622733
3.94 29777.016206
3.96 29765.193803
3.98 29753.452534
4 29741.774897
4.02 29732.940492
4.04 29721.399078
4.06 29709.928148
4.08 29702.704098
4.1 29695.226941
4.12 29694.29584
4.14 29685.92069
4.16 29671.121363
4.18 29656.356012
4.2 29647.501423
4.22 29636.742242
4.24 29633.934713
4.26 29632.00847
4.28 29630.284673
4.3 29628.638181
4.32 29627.032915
4.34 29623.721861
4.36 29620.449347
4.38 29620.010347
4.4 29619.496947
4.42 29616.776038
4.44 29607.19183
4.46 29593.450552
4.48 29585.955254
4.5 29572.853278
4.52 29571.724228
4.54 29571.490127
4.56 29571.290152
4.58 29562.502643
4.6 29555.159981
4.62 29548.616245
4.64 29543.947476
4.66 29543.898849
4.68 29543.838167
4.7 29543.763814
4.72 29540.151123
4.74 29534.407973
4.76 29520.801538
4.78 29509.621051
4.8 29498.24652
4.82 29483.786532
4.84 29469.800742
4.86 29465.462081
4.88 29464.308043
4.9 29463.408372
4.92 29462.587264
4.94 29461.79681
4.96 29461.014911
4.98 29460.22241
5 29459.394092
5.02 29458.416507
5.04 29456.735822
5.06 29449.830562
5.08 29437.43182
5.1 29426.648651
5.12 29418.100537
5.14 29408.014513
5.16 29404.795524
5.18 29398.33293
5.2 29391.715768
5.22 29382.615202
5.24 29371.808659
5.26 29364.745058
5.28 29355.849884
5.3 29347.003254
5.32 29341.901305
5.34 29333.150264
5.36 29328.667985
5.38 29328.522215
5.4 29328.353638
5.42 29328.105728
5.44 29327.260563
5.46 29319.743675
5.48 29313.034182
5.5 29308.070357
5.52 29307.965612
5.54 29307.922069
5.56 29307.900451
5.58 29307.876355
5.6 29307.852964
5.62 29299.086669
5.64 29290.519383
5.66 29290.237589
5.68 29289.754291
5.7 29288.441291
5.72 29280.535938
5.74 29272.292879
5.76 29260.161913
5.78 29247.782157
5.8 29235.352514
5.82 29222.949451
5.84 29210.608319
5.86 29198.357772
5.88 29186.233181
5.9 29174.299775
5.92 29162.656721
5.94 29151.543349
5.96 29141.172033
5.98 29130.393305
6 29118.829144
6.02 29107.172118
6.04 29096.171933
6.06 29087.032335
6.08 29077.939573
6.1 29069.269383
6.12 29066.930172
6.14 29065.902563
6.16 29065.303005
6.18 29064.86504
6.2 29064.483107
6.22 29064.093059
6.24 29063.630859
6.26 29062.95256
6.28 29061.68487
6.3 29058.043937
6.32 29049.065523
9.8 38855.640233
9.82 38853.969901
9.84 38852.359305
9.86 38837.8654
9.88 38836.303852
9.9 38825.703217
9.92 38760.251559
9.94 38688.451138
9.96 38682.806483
9.98 38682.373709
10 38663.931202
10.02 38566.917006
10.04 38470.874045
10.06 38375.951451
10.08 38347.891556
10.1 38347.521488
10.12 38284.401837
10.14 38186.785112
10.16 38090.227466
10.18 37994.717499
10.2 37900.241664
10.22 37806.788297
10.24 37714.419011
10.26 37643.858136
10.28 37553.384465
10.3 37463.787795
10.32 37375.12874
10.34 37287.404786
10.36 37200.612403
10.38 37114.731205
10.4 37029.760587
10.42 36945.70486
10.44 36862.633688
10.46 36785.798198
10.48 36769.760042
10.5 36738.674747
10.52 36680.972169
10.54 36611.579205
10.56 36538.795119
10.58 36465.905328
10.6 36393.634414
10.62 36322.100718
10.64 36251.320863
10.66 36181.293898
10.68 36112.013736
10.7 36043.48731
10.72 35975.676123
10.74 35908.587143
10.76 35842.212536
10.78 35776.546466
10.8 35711.60213
10.82 35647.363093
10.84 35583.937725
10.86 35521.885511
10.88 35460.839238
10.9 35399.883093
10.92 35339.268933
10.94 35279.118151
10.96 35219.506221
10.98 35160.458027
11 35101.982389
11.02 35044.083178
11.04 34986.771938
11.06 34930.016751
11.08 34873.827312
11.1 34818.198196
11.12 34763.123419
11.14 34708.611289
11.16 34654.627048
11.18 34601.179053
11.2 34548.261364
11.22 34495.86841
11.24 34443.995475
11.26 34392.653824
11.28 34341.82194
11.3 34291.576506
11.32 34246.612827
11.34 34199.324379
11.36 34150.494119
11.38 34102.076657
11.4 34054.093937
11.42 34006.565383
11.44 33958.253258
11.46 33905.527262
11.48 33859.381288
11.5 33813.661249
11.52 33765.758185
11.54 33718.921876
11.56 33674.497269
11.58 33630.491698
11.6 33586.912978
11.62 33543.729936
11.64 33500.95093
11.66 33458.571105
11.68 33416.585674
11.7 33374.98992
11.72 33333.791742
11.74 33292.961091
11.76 33252.506381
11.78 33212.423163
11.8 33172.707051
11.82 33133.366309
11.84 33094.371137
11.86 33055.730294
11.88 33017.439641
11.9 32979.495096
11.92 32941.892633
11.94 32904.640544
11.96 32867.710049
11.98 32831.109907
12 32794.836314
12.02 32758.885522
12.04 32723.253837
12.06 32687.94959
12.08 32657.215765
12.1 32622.510545
12.12 32588.10645
12.14 32554.003497
12.16 32520.210422
12.18 32486.699609
12.2 32453.480083
12.22 32420.548582
12.24 32387.901888
12.26 32355.536823
12.28 32323.461937
12.3 32291.650449
12.32 32260.111319
12.34 32228.841536
12.36 32197.83813
12.38 32167.109886
12.4 32136.630167
12.42 32106.40816
12.44 32076.441049
12.46 32046.726059
12.48 32017.260449
12.5 31986.21049
12.52 31955.080158
12.54 31926.358598
12.56 31894.391081
12.58 31859.931975
12.6 31825.741509
12.62 31791.828489
12.64 31758.168187
12.66 31724.770322
12.68 31691.634039
12.7 31658.760813
12.72 31626.171832
12.74 31593.912713
12.76 31565.932467
12.78 31553.10921
12.8 31541.047421
12.82 31529.136594
12.84 31514.654764
12.86 31487.423601
12.88 31460.400666
12.9 31433.584517
12.92 31406.973142
12.94 31380.564527
12.96 31354.367364
12.98 31328.358053
13 31302.545609
13.02 31276.928119
13.04 31251.503808
13.06 31234.616165
13.08 31224.809634
13.1 31210.50847
13.12 31187.780939
13.14 31165.22977
13.16 31142.853184
13.18 31120.659896
13.2 31098.626977
13.22 31076.763445
13.24 31055.06761
13.26 31034.32819
13.28 31015.739913
13.3 30994.537175
13.32 30973.485139
13.34 30952.592711
13.36 30931.858321
13.38 30908.304362
13.4 30887.361195
13.42 30870.598006
13.44 30850.480223
13.46 30830.512921
13.48 30810.694642
13.5 30791.023945
13.52 30776.356839
13.54 30757.369924
13.56 30750.570639
13.58 30743.87352
13.6 30737.227655
13.62 30730.623525
13.64 30724.05121
13.66 30717.430217
13.68 30710.351841
13.7 30701.26643
13.72 30686.618566
13.74 30665.202116
13.76 30641.972969
13.78 30618.483102
13.8 30595.089157
13.82 30572.013917
