2.5 30775.45871
2.52 30754.753219
2.54 30734.179654
2.56 30713.746835
2.58 30693.453537
2.6 30673.298538
2.62 30653.290314
2.64 30633.408134
2.66 30615.844012
2.68 30610.12517
2.7 30604.497121
2.72 30598.927593
2.74 30593.414391
2.76 30587.934418
2.78 30582.491467
2.8 30577.077951
2.82 30571.67555
2.84 30559.059576
2.86 30542.146272
2.88 30525.339566
2.9 30508.64793
2.92 30492.070341
2.94 30475.605778
2.96 30454.053754
2.98 30433.643365
3 30425.433268
3.02 30410.866759
3.04 30394.952375
3.06 30379.145178
3.08 30363.453368
3.1 30350.95591
3.12 30335.456627
3.14 30320.060877
3.16 30304.76776
3.18 30294.12818
3.2 30279.149267
3.22 30264.146589
3.24 30249.243097
3.26 30234.437938
3.28 30219.730265
3.3 30206.549188
3.32 30201.90986
3.34 30187.647018
3.36 30177.679875
3.38 30174.455155
3.4 30171.090129
3.42 30159.136305
3.44 30140.62438
3.46 30121.87399
3.48 30103.405412
3.5 30086.24739
3.52 30075.543047
3.54 30069.502535
3.56 30065.083856
3.58 30061.079959
3.6 30057.234777
3.62 30053.467588
3.64 30049.74788
3.66 30046.031992
3.68 30042.290881
3.7 30038.447665
3.72 30034.262151
3.74 30028.555251
3.76 30016.919251
3.78 30000.435854
3.8 29983.097517
3.82 29971.405256
3.84 29955.985738
3.86 29939.783429
3.88 29933.194263
3.9 29922.307887
3.92 29907.875115
3.94 29900.701567
3.96 29898.923959
3.98 29897.191616
4 29887.91675
4.02 29875.722075
4.04 29863.601878
4.06 29851.555564
4.08 29839.582548
4.1 29830.457236
4.12 29822.813551
4.14 29811.040658
4.16 29799.338839
4.18 29787.707534
4.2 29776.873984
4.22 29775.632631
4.24 29771.530702
4.26 29756.979409
4.28 29745.73724
4.3 29731.149189
4.32 29727.064271
4.34 29726.000215
4.36 29725.060411
4.38 29724.152886
4.4 29723.259854
4.42 29719.147307
4.44 29706.21413
4.46 29693.346344
4.48 29681.74903
4.5 29681.04872
4.52 29680.336259
4.54 29679.570416
4.56 29675.264486
4.58 29664.020224
4.6 29651.07623
4.62 29644.608434
4.64 29643.894683
4.66 29643.349635
4.68 29642.797682
4.7 29632.33811
4.72 29621.938479
4.74 29613.321952
4.76 29603.906302
4.78 29595.78059
4.8 29588.656537
4.82 29588.391399
4.84 29588.115163
4.86 29587.753906
4.88 29575.887764
4.9 29567.778946
4.92 29554.646255
4.94 29547.572034
4.96 29543.570628
4.98 29543.400987
5 29543.331693
5.02 29543.27267
5.04 29543.219541
5.06 29543.167859
5.08 29543.114267
5.1 29543.053094
5.12 29542.972607
5.14 29539.863793
5.16 29532.587297
5.18 29520.773311
5.2 29510.978664
5.22 29501.509231
5.24 29492.083998
5.26 29485.18272
5.28 29475.854823
5.3 29466.577538
5.32 29457.349411
5.34 29448.183446
5.36 29439.055601
5.38 29429.97767
5.4 29420.948818
5.42 29415.654113
5.44 29406.714556
5.46 29403.075972
5.48 29402.871679
5.5 29402.599581
5.52 29402.12485
5.54 29400.766388
5.56 29393.156273
5.58 29384.856638
5.6 29372.578121
5.62 29363.345458
5.64 29362.48771
5.66 29362.081883
5.68 29361.765114
5.7 29361.468815
5.72 29361.181871
5.74 29360.891119
5.76 29351.053344
5.78 29341.809306
5.8 29341.57743
5.82 29341.254534
5.84 29340.285774
5.86 29332.83017
5.88 29326.224942
5.9 29315.982963
5.92 29309.770165
5.94 29303.89766
5.96 29295.738414
5.98 29291.127187
6 29283.044513
6.02 29275.010195
6.04 29267.009898
6.06 29259.050434
6.08 29251.131531
6.1 29243.252918
6.12 29235.421309
6.14 29227.622359
6.16 29219.862902
6.18 29212.142675
6.2 29204.461418
6.22 29196.818875
6.24 29189.22167
6.26 29181.655677
6.28 29174.127638
6.3 29166.637304
6.32 29159.184426
10.04 38786.353011
10.06 38779.932238
10.08 38778.878126
10.1 38764.89531
10.12 38764.236144
10.14 38753.993648
10.16 38719.086953
10.18 38670.004053
10.2 38578.259301
10.22 38484.709021
10.24 38392.350993
10.26 38309.621672
10.28 38219.722878
10.3 38130.364552
10.32 38041.965473
10.34 37954.606406
10.36 37868.409087
10.38 37783.862893
10.4 37712.731934
10.42 37702.799126
10.44 37701.500809
10.46 37677.944663
10.48 37595.563071
10.5 37514.002605
10.52 37433.282195
10.54 37353.393346
10.56 37274.326347
10.58 37196.088035
10.6 37118.639742
10.62 37041.993703
10.64 36966.157532
10.66 36891.193658
10.68 36817.953065
10.7 36781.759437
10.72 36703.913337
10.74 36626.521712
10.76 36549.886185
10.78 36474.004429
10.8 36398.883152
10.82 36324.483212
10.84 36250.810828
10.86 36179.545207
10.88 36112.25603
10.9 36045.63143
10.92 35979.678375
10.94 35911.491781
10.96 35841.955089
10.98 35773.120836
11 35705.074429
11.02 35639.358005
11.04 35593.875094
11.06 35533.909586
11.08 35473.212536
11.1 35412.876536
11.12 35353.039055
11.14 35293.749441
11.16 35234.987352
11.18 35176.768023
11.2 35119.088826
11.22 35061.945575
11.24 35005.33322
11.26 34949.260239
11.28 34893.6934
11.3 34838.641201
11.32 34784.098159
11.34 34730.058924
11.36 34676.51837
11.38 34623.485019
11.4 34570.927997
11.42 34518.858192
11.44 34467.275579
11.46 34416.186838
11.48 34365.632721
11.5 34315.712479
11.52 34267.904917
11.54 34251.422263
11.56 34250.45854
11.58 34250.004634
11.6 34249.313974
11.62 34226.841232
11.64 34173.966822
11.66 34121.509757
11.68 34069.504552
11.7 34017.94977
11.72 33966.853887
11.74 33916.186871
11.76 33865.956924
11.78 33816.159313
11.8 33766.789325
11.82 33717.854861
11.84 33669.325778
11.86 33621.210441
11.88 33573.504319
11.9 33526.20293
11.92 33479.301843
11.94 33432.808926
11.96 33386.694994
11.98 33340.968375
12 33295.624838
12.02 33250.660205
12.04 33206.070346
12.06 33161.863131
12.08 33118.010316
12.1 33074.520232
12.12 33031.388988
12.14 32988.612773
12.16 32946.199862
12.18 32904.1224
12.2 32862.389405
12.22 32820.998085
12.24 32779.946951
12.26 32739.239039
12.28 32698.917087
12.3 32661.777
12.32 32631.567485
12.34 32592.754327
12.36 32553.780405
12.38 32515.024824
12.4 32476.526205
12.42 32438.31397
12.44 32400.39348
12.46 32362.765765
12.48 32325.430006
12.5 32288.39596
12.52 32254.424197
12.54 32222.124853
12.56 32190.081782
12.58 32158.292356
12.6 32126.753995
12.62 32095.475316
12.64 32064.431206
12.66 32033.630687
12.68 32003.071528
12.7 31972.753594
12.72 31943.870955
12.74 31916.033968
12.76 31888.423578
12.78 31861.036182
12.8 31833.869299
12.82 31806.920591
12.84 31780.198711
12.86 31753.67928
12.88 31727.371303
12.9 31701.272603
12.92 31675.381028
12.94 31649.694458
12.96 31624.221478
12.98 31598.938386
13 31573.854095
13.02 31548.966585
13.04 31524.273861
13.06 31499.784662
13.08 31475.475359
13.1 31451.355007
13.12 31427.421706
13.14 31403.673577
13.16 31380.108764
13.18 31356.735904
13.2 31333.531987
13.22 31311.317822
13.24 31301.293977
13.26 31291.270108
13.28 31274.933689
13.3 31246.493813
13.32 31218.202651
13.34 31190.11477
13.36 31162.233421
13.38 31134.560205
13.4 31111.010591
13.42 31089.668993
13.44 31065.480564
13.46 31047.462903
13.48 31026.595325
13.5 31005.882703
13.52 30985.333591
13.54 30964.926182
13.56 30944.669307
13.58 30924.561523
13.6 30904.601409
13.62 30884.78756
13.64 30882.146995
13.66 30882.13882
13.68 30882.131163
13.7 30882.12223
13.72 30882.107721
13.74 30881.211529
13.76 30859.767276
13.78 30838.470584
13.8 30817.309743
13.82 30796.310858
