2.5 31690.146042
2.52 31661.653823
2.54 31633.341923
2.56 31605.218714
2.58 31577.282562
2.6 31549.531854
2.62 31521.974671
2.64 31494.589867
2.66 31467.385786
2.68 31440.360887
2.7 31413.513654
2.72 31386.842586
2.74 31360.355688
2.76 31334.032325
2.78 31307.880764
2.8 31281.899657
2.82 31257.488704
2.84 31235.443855
2.86 31213.553561
2.88 31191.797627
2.9 31170.18432
2.92 31148.712424
2.94 31127.380736
2.96 31106.197386
2.98 31085.142361
3 31064.224018
3.02 31043.441208
3.04 31022.792789
3.06 31002.277633
3.08 30981.903762
3.1 30961.6516
3.12 30941.52939
3.14 30921.536052
3.16 30901.670525
3.18 30882.146912
3.2 30882.142738
3.22 30882.135195
3.24 30882.127043
3.26 30882.115844
3.28 30882.090655
3.3 30875.087779
3.32 30852.297263
3.34 30829.637875
3.36 30807.11966
3.38 30784.743469
3.4 30762.512012
3.42 30740.456016
3.44 30722.91662
3.46 30705.923084
3.48 30684.533225
3.5 30663.050289
3.52 30641.668832
3.54 30620.46301
3.56 30599.662858
3.58 30585.331359
3.6 30579.822353
3.62 30574.841641
3.64 30569.97228
3.66 30565.149276
3.68 30560.366727
3.7 30555.618102
3.72 30550.898375
3.74 30537.585151
3.76 30522.384567
3.78 30507.269941
3.8 30492.249189
3.82 30477.321549
3.84 30462.486263
3.86 30447.74245
3.88 30431.686102
3.9 30418.53551
3.92 30404.062155
3.94 30389.677523
3.96 30372.226631
3.98 30353.810369
4 30338.104393
4.02 30322.402534
4.04 30310.030119
4.06 30305.201341
4.08 30291.418116
4.1 30277.726361
4.12 30264.108798
4.14 30250.573172
4.16 30237.118838
4.18 30223.74516
4.2 30210.459754
4.22 30200.033933
4.24 30191.121905
4.26 30178.048245
4.28 30165.052217
4.3 30152.13322
4.32 30139.298764
4.34 30126.531893
4.36 30113.840285
4.38 30108.813474
4.4 30106.250305
4.42 30103.648418
4.44 30100.63503
4.46 30086.386355
4.48 30072.842489
4.5 30058.081712
4.52 30041.305122
4.54 30026.772701
4.56 30023.105102
4.58 30020.828431
4.6 30018.667149
4.62 30016.545846
4.64 30014.446876
4.66 30003.906666
4.68 29990.221376
4.7 29976.611976
4.72 29963.078283
4.74 29955.867413
4.76 29952.888052
4.78 29949.762358
4.8 29946.053235
4.82 29939.561836
4.84 29934.077764
4.86 29919.173661
4.88 29903.333891
4.9 29887.778893
4.92 29878.624308
4.94 29876.743456
4.96 29875.205406
4.98 29873.726701
5 29869.818394
5.02 29858.845506
5.04 29850.498722
5.06 29839.641641
5.08 29828.844544
5.1 29818.107
5.12 29811.296955
5.14 29800.668791
5.16 29790.098936
5.18 29779.586972
5.2 29774.751549
5.22 29771.740073
5.24 29766.645556
5.26 29759.779323
5.28 29745.670203
5.3 29731.304061
5.32 29723.670652
5.34 29711.769135
5.36 29707.213172
5.38 29705.285979
5.4 29703.492802
5.42 29701.755033
5.44 29700.040236
5.46 29698.332818
5.48 29696.58888
5.5 29694.748694
5.52 29692.567338
5.54 29688.466195
5.56 29681.097989
5.58 29672.235069
5.6 29658.458365
5.62 29650.154633
5.64 29649.370892
5.66 29648.837147
5.68 29647.033118
5.7 29635.75403
5.72 29628.883478
5.74 29620.847193
5.76 29612.442812
5.78 29603.099456
5.8 29597.29981
5.82 29588.157559
5.84 29579.702767
5.86 29578.45579
5.88 29577.465721
5.9 29577.172674
5.92 29574.821793
5.94 29563.246892
5.96 29561.714871
5.98 29561.54132
6 29561.406381
6.02 29561.287985
6.04 29561.165998
6.06 29561.044894
6.08 29554.460965
6.1 29549.388097
6.12 29549.313437
6.14 29549.204663
6.16 29544.476682
6.18 29537.552798
6.2 29526.930325
6.22 29520.517148
6.24 29511.843441
6.26 29503.206175
6.28 29494.612056
6.3 29486.060802
6.32 29481.014391
10.58 38835.77322
10.6 38807.001226
10.62 38806.108537
10.64 38772.994128
10.66 38750.75808
10.68 38750.108188
10.7 38736.973831
10.72 38711.976449
10.74 38682.990008
10.76 38682.177311
10.78 38677.248632
10.8 38595.975084
10.82 38512.195743
10.84 38429.272397
10.86 38347.390757
10.88 38272.202277
10.9 38191.935282
10.92 38112.410921
10.94 38033.665194
10.96 37955.724112
10.98 37878.602068
11 37802.351174
11.02 37727.495136
11.04 37658.105973
11.06 37585.515254
11.08 37512.579967
11.1 37440.18658
11.12 37368.472583
11.14 37297.520434
11.16 37227.338253
11.18 37158.000747
11.2 37089.620074
11.22 37022.438506
11.24 36957.02862
11.26 36895.262102
11.28 36843.316908
11.3 36812.676818
11.32 36759.504714
11.34 36689.051223
11.36 36619.208952
11.38 36550.002733
11.4 36481.40118
11.42 36413.411629
11.44 36346.027419
11.46 36279.241824
11.48 36213.061402
11.5 36147.452671
11.52 36082.422838
11.54 36017.965748
11.56 35954.076181
11.58 35890.759106
11.6 35831.577304
11.62 35775.621381
11.64 35719.760199
11.66 35659.616028
11.68 35602.853451
11.7 35549.010676
11.72 35495.422473
11.74 35442.109225
11.76 35389.157166
11.78 35336.610646
11.8 35284.491445
11.82 35232.822268
11.84 35181.580914
11.86 35130.782449
11.88 35080.424771
11.9 35030.50545
11.92 34981.02134
11.94 34931.980872
11.96 34883.355799
11.98 34835.154426
12 34787.372601
12.02 34740.006125
12.04 34693.050792
12.06 34646.5143
12.08 34600.368459
12.1 34554.621511
12.12 34509.269714
12.14 34464.309793
12.16 34419.751475
12.18 34375.570961
12.2 34331.790982
12.22 34288.487705
12.24 34251.605706
12.26 34246.335357
12.28 34211.560541
12.3 34168.343023
12.32 34125.077587
12.34 34082.067788
12.36 34039.367336
12.38 33997.002761
12.4 33954.954491
12.42 33913.234766
12.44 33871.842457
12.46 33830.775292
12.48 33790.030705
12.5 33749.617343
12.52 33709.509133
12.54 33669.714796
12.56 33630.23144
12.58 33591.056005
12.6 33552.18549
12.62 33513.628071
12.64 33475.358168
12.66 33437.38427
12.68 33399.703526
12.7 33362.31302
12.72 33325.221082
12.74 33288.402205
12.76 33250.66942
12.78 33210.348846
12.8 33173.588863
12.82 33139.647152
12.84 33104.701566
12.86 33066.473599
12.88 33033.347163
12.9 33000.480668
12.92 32967.870645
12.94 32935.25563
12.96 32901.41359
12.98 32867.803249
13 32836.099653
13.02 32804.749946
13.04 32773.642646
13.06 32742.785994
13.08 32712.155911
13.1 32681.761051
13.12 32655.408154
13.14 32625.468612
13.16 32595.755363
13.18 32566.278401
13.2 32537.014425
13.22 32507.971999
13.24 32479.14896
13.26 32450.543164
13.28 32422.152492
13.3 32393.985091
13.32 32366.018158
13.34 32338.260139
13.36 32310.709013
13.38 32283.362778
13.4 32256.229726
13.42 32229.287127
13.44 32202.543565
13.46 32175.997135
13.48 32149.645951
13.5 32123.48815
13.52 32097.531939
13.54 32071.755167
13.56 32046.166324
13.58 32020.763633
13.6 31995.545338
13.62 31970.509702
13.64 31945.664848
13.66 31920.989176
13.68 31896.49108
13.7 31872.168903
13.72 31848.021009
13.74 31824.01316
13.76 31796.756348
13.78 31773.130886
13.8 31747.7278
13.82 31718.840071
