2.5 31711.999419
2.52 31689.021978
2.54 31666.196462
2.56 31643.53139
2.58 31621.025299
2.6 31598.676745
2.62 31576.493978
2.64 31554.456009
2.66 31532.571339
2.68 31510.838586
2.7 31489.256381
2.72 31467.823371
2.74 31446.547702
2.76 31425.408868
2.78 31404.415258
2.8 31383.565576
2.82 31362.858537
2.84 31342.292873
2.86 31321.876625
2.88 31301.589751
2.9 31281.440528
2.92 31261.427738
2.94 31241.550178
2.96 31221.815975
2.98 31202.205116
3 31182.725955
3.02 31163.377342
3.04 31144.158135
3.06 31125.067206
3.08 31106.112577
3.1 31087.274674
3.12 31068.561739
3.14 31049.972694
3.16 31031.50647
3.18 31013.162009
3.2 30991.289072
3.22 30972.04647
3.24 30954.073327
3.26 30933.087789
3.28 30915.356736
3.3 30897.750229
3.32 30882.189192
3.34 30865.960268
3.36 30848.677691
3.38 30831.506857
3.4 30814.446826
3.42 30797.505482
3.44 30780.664097
3.46 30763.930757
3.48 30747.30456
3.5 30730.784616
3.52 30714.37004
3.54 30698.068611
3.56 30686.454611
3.58 30670.339262
3.6 30654.325894
3.62 30638.413666
3.64 30622.610414
3.66 30606.897802
3.68 30591.283857
3.7 30575.767767
3.72 30560.348721
3.74 30546.200613
3.76 30532.532323
3.78 30515.471784
3.8 30499.638207
3.82 30484.691546
3.84 30469.838237
3.86 30455.076778
3.88 30440.414694
3.9 30425.834339
3.92 30411.343511
3.94 30396.941474
3.96 30380.158544
3.98 30364.047225
4 30349.917636
4.02 30335.874008
4.04 30325.607945
4.06 30312.362581
4.08 30302.389758
4.1 30298.914444
4.12 30295.473806
4.14 30292.062388
4.16 30288.67352
4.18 30285.301335
4.2 30281.944193
4.22 30278.558275
4.24 30274.891454
4.26 30262.625746
4.28 30245.458311
4.3 30227.734149
4.32 30210.069102
4.34 30192.84767
4.36 30180.093553
4.38 30169.517321
4.4 30164.247429
4.42 30160.016257
4.44 30156.061905
4.46 30145.039904
4.48 30130.565076
4.5 30116.17168
4.52 30101.859312
4.54 30089.319081
4.56 30086.902053
4.58 30084.50111
4.6 30082.110153
4.62 30079.719165
4.64 30077.29788
4.66 30066.085482
4.68 30054.007253
4.7 30041.998002
4.72 30030.057214
4.74 30018.184373
4.76 30004.291224
4.78 29994.648281
4.8 29982.976154
4.82 29971.36999
4.84 29959.829301
4.86 29948.353603
4.88 29938.0552
4.9 29932.161261
4.92 29920.863284
4.94 29909.628468
4.96 29898.456355
4.98 29887.346485
5 29876.306016
5.02 29870.839549
5.04 29869.40728
5.06 29867.977153
5.08 29866.536387
5.1 29858.91207
5.12 29846.294111
5.14 29837.870666
5.16 29827.510412
5.18 29813.753091
5.2 29805.947346
5.22 29791.324097
5.24 29777.230222
5.26 29771.490581
5.28 29768.932552
5.3 29766.770352
5.32 29764.744131
5.34 29762.835983
5.36 29761.386198
5.38 29760.362176
5.4 29759.390174
5.42 29758.417067
5.44 29757.391484
5.46 29755.508171
5.48 29745.001333
5.5 29730.860168
5.52 29718.286732
5.54 29716.135628
5.56 29706.240517
5.58 29696.390391
5.6 29688.294486
5.62 29679.818753
5.64 29669.766647
5.66 29659.929439
5.68 29650.337766
5.7 29644.447852
5.72 29634.942021
5.74 29629.875911
5.76 29628.482722
5.78 29627.066462
5.8 29625.546013
5.82 29623.668598
5.84 29619.693611
5.86 29616.347679
5.88 29603.714411
5.9 29596.353454
5.92 29595.892174
5.94 29595.596465
5.96 29595.325585
5.98 29595.063202
6 29594.804258
6.02 29586.576489
6.04 29576.091037
6.06 29575.905842
6.08 29575.713977
6.1 29571.188153
6.12 29563.622105
6.14 29556.271961
6.16 29548.868066
6.18 29541.51993
6.2 29539.274843
6.22 29539.235997
6.24 29539.213689
6.26 29539.18692
6.28 29539.160954
6.3 29539.134995
6.32 29539.108281
10.64 38805.463754
10.66 38804.417638
10.68 38790.041069
10.7 38782.35423
10.72 38749.202926
10.74 38748.758933
10.76 38747.731476
10.78 38699.446762
10.8 38683.928227
10.82 38682.717014
10.84 38601.998349
10.86 38519.134069
10.88 38437.067369
10.9 38356.01863
10.92 38314.64295
10.94 38229.76741
10.96 38145.691314
10.98 38062.41088
11 37979.917008
11.02 37898.200648
11.04 37817.26534
11.06 37737.093816
11.08 37676.14909
11.1 37597.635699
11.12 37519.620234
11.14 37442.305873
11.16 37366.670752
11.18 37295.487194
11.2 37224.968196
11.22 37155.104788
11.24 37085.892301
11.26 37017.343942
11.28 36949.444716
11.3 36882.284555
11.32 36817.108708
11.34 36795.093742
11.36 36788.849039
11.38 36782.420115
11.4 36771.703332
11.42 36747.148089
11.44 36701.029629
11.46 36643.564761
11.48 36582.371017
11.5 36520.317278
11.52 36458.557159
11.54 36397.299258
11.56 36336.582299
11.58 36276.413836
11.6 36216.805944
11.62 36157.728726
11.64 36099.190532
11.66 36040.342245
11.68 35977.466927
11.7 35915.130421
11.72 35853.341675
11.74 35792.070579
11.76 35731.327188
11.78 35671.120093
11.8 35612.6607
11.82 35567.62517
11.84 35509.307934
11.86 35451.138069
11.88 35393.392975
11.9 35336.109146
11.92 35279.293556
11.94 35222.958014
11.96 35167.075167
11.98 35111.653666
12 35056.689272
12.02 35002.177536
12.04 34948.113926
12.06 34894.505772
12.08 34841.324426
12.1 34788.577622
12.12 34736.260932
12.14 34684.370024
12.16 34632.912672
12.18 34581.860547
12.2 34531.222393
12.22 34480.995135
12.24 34431.177174
12.26 34381.770879
12.28 34332.805756
12.3 34284.398098
12.32 34251.098344
12.34 34250.102743
12.36 34249.635656
12.38 34248.589755
12.4 34219.853566
12.42 34178.234698
12.44 34136.948656
12.46 34096.001479
12.48 34055.390874
12.5 34015.125075
12.52 33975.177529
12.54 33935.556554
12.56 33896.258745
12.58 33857.280717
12.6 33818.619122
12.62 33780.28181
12.64 33742.242897
12.66 33704.510611
12.68 33667.081762
12.7 33629.953199
12.72 33593.132997
12.74 33556.595418
12.76 33520.34891
12.78 33484.390476
12.8 33448.717157
12.82 33413.32603
12.84 33378.22514
12.86 33343.389498
12.88 33306.571029
12.9 33266.59411
12.92 33226.913942
12.94 33187.527717
12.96 33148.443339
12.98 33109.636451
13 33071.1153
13.02 33032.877228
13.04 32994.919616
13.06 32957.250613
13.08 32919.846058
13.1 32882.714559
13.12 32845.853949
13.14 32809.262472
13.16 32772.93941
13.18 32736.897906
13.2 32701.13769
13.22 32666.269874
13.24 32641.249734
13.26 32607.102805
13.28 32572.502812
13.3 32538.029171
13.32 32503.743832
13.34 32469.679897
13.36 32435.845003
13.38 32402.241636
13.4 32368.880385
13.42 32335.739762
13.44 32302.829041
13.46 32270.146689
13.48 32237.691004
13.5 32205.460187
13.52 32173.46243
13.54 32141.675515
13.56 32110.107827
13.58 32078.757459
13.6 32047.622506
13.62 32016.701073
13.64 31986.001109
13.66 31955.500843
13.68 31925.208486
13.7 31895.122198
13.72 31865.240156
13.74 31835.570412
13.76 31806.091275
13.78 31781.947588
13.8 31758.465589
13.82 31735.150043
