2.5 31917.45626
2.52 31887.951854
2.54 31858.634274
2.56 31829.511801
2.58 31800.582715
2.6 31771.845318
2.62 31743.307601
2.64 31714.948352
2.66 31686.775824
2.68 31658.788401
2.7 31630.984486
2.72 31603.362503
2.74 31575.93037
2.76 31548.667393
2.78 31521.581746
2.8 31494.671936
2.82 31467.936567
2.84 31443.816805
2.86 31421.029132
2.88 31398.381211
2.9 31373.542366
2.92 31347.62675
2.94 31321.877201
2.96 31296.301731
2.98 31270.880172
3 31245.620715
3.02 31220.522055
3.04 31195.582898
3.06 31170.801974
3.08 31146.18717
3.1 31121.718793
3.12 31097.404979
3.14 31073.244565
3.16 31049.236429
3.18 31025.379511
3.2 31001.681811
3.22 30978.124431
3.24 30958.857394
3.26 30940.989456
3.28 30923.238168
3.3 30905.61152
3.32 30888.090381
3.34 30882.157692
3.36 30882.14526
3.38 30877.285084
3.4 30858.112069
3.42 30839.06709
3.44 30820.131477
3.46 30801.313278
3.48 30782.61155
3.5 30764.025359
3.52 30745.553778
3.54 30727.204547
3.56 30708.959289
3.58 30690.826086
3.6 30680.471076
3.62 30675.131836
3.64 30669.803113
3.66 30664.384739
3.68 30654.583291
3.7 30633.675878
3.72 30612.777068
3.74 30591.997623
3.76 30571.354987
3.78 30550.845386
3.8 30532.057915
3.82 30518.708179
3.84 30498.942588
3.86 30478.981686
3.88 30459.119669
3.9 30439.440966
3.92 30420.765175
3.94 30412.635535
3.96 30408.401606
3.98 30404.393577
4 30400.445291
4.02 30396.537153
4.04 30392.659385
4.06 30388.806352
4.08 30384.9723
4.1 30381.154599
4.12 30377.30639
4.14 30373.221725
4.16 30358.693976
4.18 30339.958402
4.2 30321.448832
4.22 30303.419901
4.24 30287.266776
4.26 30274.738067
4.28 30269.373058
4.3 30263.835649
4.32 30248.694578
4.34 30233.631026
4.36 30218.653398
4.38 30203.761109
4.4 30188.953562
4.42 30174.231395
4.44 30170.927847
4.46 30168.143629
4.48 30165.380184
4.5 30162.631895
4.52 30152.591682
4.54 30140.024076
4.56 30130.223512
4.58 30117.786668
4.6 30105.421472
4.62 30093.127384
4.64 30080.903868
4.66 30072.819646
4.68 30060.726427
4.7 30045.999423
4.72 30033.517151
4.74 30020.833852
4.76 30009.022682
4.78 30000.672964
4.8 29989.60675
4.82 29977.986028
4.84 29966.430839
4.86 29954.940701
4.88 29943.52287
4.9 29935.211334
4.92 29932.458143
4.94 29929.803601
4.96 29927.544867
4.98 29925.755189
5 29923.070059
5.02 29918.261881
5.04 29914.191261
5.06 29905.255948
5.08 29891.26149
5.1 29876.338424
5.12 29863.374195
5.14 29852.977425
5.16 29841.876942
5.18 29838.240785
5.2 29835.616863
5.22 29833.231857
5.24 29830.92915
5.26 29828.667579
5.28 29826.420909
5.3 29824.164192
5.32 29821.854933
5.34 29818.115258
5.36 29807.668406
5.38 29799.769807
5.4 29789.429811
5.42 29779.145242
5.44 29768.469671
5.46 29756.975613
5.48 29748.627414
5.5 29738.560567
5.52 29728.547243
5.54 29718.587061
5.56 29712.398315
5.58 29702.534975
5.6 29692.68277
5.62 29682.967515
5.64 29679.197099
5.66 29678.586937
5.68 29677.988894
5.7 29677.383084
5.72 29676.765565
5.74 29676.035585
5.76 29673.217754
5.78 29664.36957
5.8 29651.659947
5.82 29643.743653
5.84 29631.729864
5.86 29624.020751
5.88 29621.984933
5.9 29620.479913
5.92 29619.108346
5.94 29617.838812
5.96 29617.142191
5.98 29615.109606
6 29613.781772
6.02 29607.416391
6.04 29598.290055
6.06 29591.552887
6.08 29582.514449
6.1 29575.491605
6.12 29568.112701
6.14 29560.360825
6.16 29552.175208
6.18 29549.281457
6.2 29549.151199
6.22 29549.066981
6.24 29548.999475
6.26 29548.928324
6.28 29548.858015
6.3 29548.786555
6.32 29548.710347
10.7 38802.654483
10.72 38788.367289
10.74 38787.540235
10.76 38766.238719
10.78 38735.564966
10.8 38735.239458
10.82 38712.23956
10.84 38682.242271
10.86 38594.613019
10.88 38507.169937
10.9 38420.579735
10.92 38348.314578
10.94 38347.891248
10.96 38347.52807
10.98 38345.419434
11 38277.012086
11.02 38198.212211
11.04 38120.203883
11.06 38042.953733
11.08 37966.467618
11.1 37890.737103
11.12 37815.755603
11.14 37741.546121
11.16 37671.563203
11.18 37600.929877
11.2 37529.13288
11.22 37457.871953
11.24 37387.260778
11.26 37317.338542
11.28 37248.082285
11.3 37179.507879
11.32 37111.617504
11.34 37044.416068
11.36 36977.910615
11.38 36912.134246
11.4 36847.075865
11.42 36782.750736
11.44 36719.111743
11.46 36656.063552
11.48 36593.538431
11.5 36531.485791
11.52 36469.923979
11.54 36408.867174
11.56 36348.32758
11.58 36288.313306
11.6 36228.840175
11.62 36167.746844
11.64 36104.016316
11.66 36046.068005
11.68 35988.707033
11.7 35931.468676
11.72 35870.373755
11.74 35814.417942
11.76 35759.005438
11.78 35704.103921
11.8 35649.722682
11.82 35595.926544
11.84 35542.978921
11.86 35491.077183
11.88 35439.294015
11.9 35387.663015
11.92 35336.33157
11.94 35285.377889
11.96 35234.810449
11.98 35184.653651
12 35134.91331
12.02 35085.591132
12.04 35036.686541
12.06 34988.209285
12.08 34940.133063
12.1 34892.466621
12.12 34845.206446
12.14 34798.348836
12.16 34751.901953
12.18 34705.837542
12.2 34660.164213
12.22 34614.878005
12.24 34569.975119
12.26 34525.451896
12.28 34481.316621
12.3 34437.542742
12.32 34394.14072
12.34 34351.112864
12.36 34308.478691
12.38 34266.474404
12.4 34230.115068
12.42 34188.792612
12.44 34147.544707
12.46 34106.598625
12.48 34065.976703
12.5 34025.693846
12.52 33985.726071
12.54 33946.082848
12.56 33906.761528
12.58 33867.759048
12.6 33829.0723
12.62 33790.7093
12.64 33752.644276
12.66 33714.885519
12.68 33677.429947
12.7 33640.274432
12.72 33603.427089
12.74 33566.862206
12.76 33530.588253
12.78 33494.602232
12.8 33458.901206
12.82 33423.482212
12.84 33387.426511
12.86 33347.341993
12.88 33312.7707
12.9 33278.470089
12.92 33240.513384
12.94 33206.755784
12.96 33173.271596
12.98 33140.03651
13 33107.058441
13.02 33073.102799
13.04 33038.917103
13.06 33004.994467
13.08 32971.310963
13.1 32937.875246
13.12 32904.68501
13.14 32871.737969
13.16 32839.03193
13.18 32806.57522
13.2 32774.3447
13.22 32742.349665
13.24 32710.590828
13.26 32679.093515
13.28 32664.186818
13.3 32641.639196
13.32 32612.450268
13.34 32583.47893
13.36 32554.723104
13.38 32526.180717
13.4 32497.859983
13.42 32469.738093
13.44 32441.823557
13.46 32414.114392
13.48 32386.608638
13.5 32359.304356
13.52 32332.209679
13.54 32305.302383
13.56 32278.590884
13.58 32252.073332
13.6 32225.747902
13.62 32199.612783
13.64 32173.676028
13.66 32147.915966
13.68 32122.340925
13.7 32096.949176
13.72 32071.739017
13.74 32046.718619
13.76 32021.86637
13.78 31997.190712
13.8 31972.690017
13.82 31947.169064
