2.5 31933.016843
2.52 31909.017034
2.54 31885.17597
2.56 31861.502104
2.58 31837.993916
2.6 31814.649902
2.62 31791.478256
2.64 31768.457932
2.66 31745.597376
2.68 31722.89515
2.7 31700.349833
2.72 31677.96002
2.74 31655.733804
2.76 31633.650632
2.78 31611.71884
2.8 31589.937083
2.82 31568.304031
2.84 31546.818365
2.86 31525.488082
2.88 31504.293092
2.9 31483.241624
2.92 31462.332417
2.94 31441.564222
2.96 31420.945119
2.98 31400.455051
3 31380.102327
3.02 31359.885751
3.04 31339.804136
3.06 31319.856311
3.08 31300.050251
3.1 31280.366338
3.12 31260.81277
3.14 31241.388422
3.16 31222.092182
3.18 31202.922947
3.2 31183.888592
3.22 31164.96992
3.24 31146.175021
3.26 31127.502838
3.28 31104.155463
3.3 31085.746963
3.32 31066.723669
3.34 31046.14798
3.36 31028.093789
3.38 31010.156121
3.4 30992.333996
3.42 30974.635257
3.44 30957.041137
3.46 30939.559682
3.48 30922.189953
3.5 30904.931021
3.52 30887.781965
3.54 30873.79514
3.56 30856.855452
3.58 30840.022973
3.6 30823.296818
3.62 30806.676114
3.64 30790.168666
3.66 30773.756104
3.68 30757.446425
3.7 30741.238792
3.72 30725.132372
3.74 30709.126344
3.76 30693.228405
3.78 30677.420552
3.8 30661.710671
3.82 30646.097967
3.84 30630.581653
3.86 30615.160938
3.88 30603.177859
3.9 30586.050768
3.92 30569.476498
3.94 30554.428146
3.96 30539.473861
3.98 30524.619255
4 30509.846569
4.02 30494.166621
4.04 30478.846831
4.06 30463.38729
4.08 30448.791849
4.1 30434.475548
4.12 30420.237047
4.14 30406.084063
4.16 30392.015924
4.18 30378.031969
4.2 30364.139787
4.22 30353.130268
4.24 30339.388355
4.26 30325.728066
4.28 30312.148766
4.3 30298.64983
4.32 30285.238742
4.34 30271.898524
4.36 30258.636827
4.38 30251.328468
4.4 30247.155817
4.42 30242.942529
4.44 30238.644449
4.46 30234.042032
4.48 30228.023586
4.5 30216.09058
4.52 30199.69467
4.54 30182.588689
4.56 30165.504943
4.58 30151.127765
4.6 30138.388598
4.62 30126.463127
4.64 30121.505281
4.66 30117.567959
4.68 30113.88183
4.7 30110.30273
4.72 30106.777884
4.74 30098.233036
4.76 30084.310144
4.78 30070.47124
4.8 30059.408795
4.82 30057.173447
4.84 30054.938643
4.86 30052.678083
4.88 30050.223236
4.9 30038.308606
4.92 30022.52336
4.94 30007.791441
4.96 29996.199834
4.98 29983.04334
5 29979.691176
5.02 29977.68766
5.04 29975.792462
5.06 29970.475897
5.08 29959.199198
5.1 29947.984607
5.12 29936.839166
5.14 29925.74732
5.16 29914.716254
5.18 29906.290063
5.2 29897.236761
5.22 29888.371961
5.24 29877.566049
5.26 29866.818832
5.28 29856.129891
5.3 29851.829874
5.32 29850.378667
5.34 29843.373427
5.36 29829.447808
5.38 29818.575492
5.4 29805.84692
5.42 29799.05085
5.44 29786.989569
5.46 29774.997771
5.48 29763.060848
5.5 29755.054777
5.52 29754.095828
5.54 29753.17278
5.56 29752.272315
5.58 29751.372479
5.6 29750.475886
5.62 29749.575901
5.64 29748.654705
5.66 29747.605668
5.68 29740.099857
5.7 29730.218311
5.72 29716.730942
5.74 29709.29042
5.76 29708.302347
5.78 29707.548524
5.8 29706.825965
5.82 29697.149189
5.84 29685.839389
5.86 29674.586653
5.88 29672.393629
5.9 29665.538494
5.92 29656.122601
5.94 29646.755023
5.96 29641.023414
5.98 29631.744289
6 29622.512537
6.02 29616.057164
6.04 29615.662604
6.06 29614.56931
6.08 29605.411433
6.1 29594.428589
6.12 29593.510079
6.14 29593.209032
6.16 29592.947548
6.18 29592.697373
6.2 29592.451723
6.22 29592.207416
6.24 29591.967964
6.26 29582.129762
6.28 29574.103965
6.3 29573.907325
6.32 29573.407599
10.76 38800.535865
10.78 38799.498378
10.8 38785.14156
10.82 38755.988528
10.84 38746.767845
10.86 38746.350351
10.88 38745.408482
10.9 38701.184303
10.92 38683.036169
10.94 38676.249405
10.96 38594.585725
10.98 38513.422658
11 38433.028041
11.02 38353.727668
11.04 38294.444137
11.06 38211.339634
11.08 38129.006944
11.1 38047.439413
11.12 37966.628821
11.14 37890.909644
11.16 37816.329345
11.18 37742.449109
11.2 37669.197653
11.22 37596.670385
11.24 37524.803354
11.26 37453.606203
11.28 37383.046034
11.3 37313.129906
11.32 37243.851268
11.34 37175.204142
11.36 37107.183664
11.38 37039.801056
11.4 36973.03561
11.42 36906.938733
11.44 36841.827625
11.46 36799.346952
11.48 36792.100408
11.5 36786.374661
11.52 36778.864249
11.54 36764.190182
11.56 36731.16714
11.58 36680.096446
11.6 36621.965824
11.62 36561.512923
11.64 36500.815661
11.66 36440.509367
11.68 36379.478139
11.7 36314.885203
11.72 36250.852745
11.74 36187.353121
11.76 36124.393813
11.78 36061.969152
11.8 36000.07349
11.82 35938.713871
11.84 35877.85941
11.86 35817.518229
11.88 35757.686672
11.9 35698.366597
11.92 35639.63337
11.94 35595.654128
11.96 35538.860246
11.98 35481.584267
12 35424.677966
12.02 35368.20882
12.04 35312.190033
12.06 35256.635169
12.08 35201.518503
12.1 35146.848906
12.12 35092.622537
12.14 35038.835264
12.16 34985.494796
12.18 34932.572495
12.2 34880.076457
12.22 34828.002332
12.24 34776.345875
12.26 34725.102908
12.28 34674.281024
12.3 34623.85255
12.32 34573.825827
12.34 34524.197396
12.36 34474.964495
12.38 34426.137545
12.4 34377.69566
12.42 34329.669842
12.44 34282.215774
12.46 34251.151384
12.48 34250.237432
12.5 34249.850269
12.52 34249.320124
12.54 34245.990538
12.56 34206.204321
12.58 34165.586738
12.6 34125.29255
12.62 34085.333743
12.64 34045.685142
12.66 34006.355122
12.68 33967.340497
12.7 33928.63805
12.72 33890.255771
12.74 33852.167827
12.76 33814.382561
12.78 33776.896872
12.8 33739.707696
12.82 33702.812003
12.84 33666.21773
12.86 33629.899783
12.88 33593.866455
12.9 33558.114863
12.92 33522.441731
12.94 33481.619894
12.96 33441.109509
12.98 33400.886133
13 33360.957913
13.02 33321.322083
13.04 33281.975912
13.06 33242.9274
13.08 33204.152214
13.1 33165.658689
13.12 33127.444225
13.14 33089.506253
13.16 33051.842241
13.18 33014.460163
13.2 32977.336385
13.22 32940.479248
13.24 32903.886449
13.26 32867.555815
13.28 32831.485422
13.3 32795.684112
13.32 32760.131186
13.34 32724.842421
13.36 32689.859695
13.38 32659.935745
13.4 32631.690201
13.42 32597.878024
13.44 32563.930222
13.46 32530.128424
13.48 32496.526417
13.5 32463.140429
13.52 32429.986169
13.54 32397.045052
13.56 32364.327416
13.58 32331.832472
13.6 32299.558983
13.62 32267.505469
13.64 32235.680142
13.66 32204.061383
13.68 32172.657501
13.7 32141.466706
13.72 32110.487195
13.74 32079.727021
13.76 32049.164437
13.78 32018.807733
13.8 31988.655124
13.82 31958.704844
