2.5 32160.259827
2.52 32133.557179
2.54 32108.681913
2.56 32080.651648
2.58 32054.141824
2.6 32029.798805
2.62 32005.634791
2.64 31981.628674
2.66 31957.788841
2.68 31934.113798
2.7 31910.602064
2.72 31887.252178
2.74 31864.072179
2.76 31841.041457
2.78 31818.168295
2.8 31795.451296
2.82 31772.889076
2.84 31750.480266
2.86 31728.232812
2.88 31706.126576
2.9 31684.169739
2.92 31662.360991
2.94 31640.699036
2.96 31619.191911
2.98 31597.81951
3 31576.590102
3.02 31555.502444
3.04 31534.555307
3.06 31513.747476
3.08 31493.086886
3.1 31472.553875
3.12 31452.1566
3.14 31431.893896
3.16 31411.764607
3.18 31391.76759
3.2 31371.91068
3.22 31352.174638
3.24 31332.567514
3.26 31313.088209
3.28 31293.73564
3.3 31274.517711
3.32 31255.415211
3.34 31236.436256
3.36 31215.564206
3.38 31195.716872
3.4 31177.110148
3.42 31154.118556
3.44 31130.484258
3.46 31106.993867
3.48 31083.646291
3.5 31060.440468
3.52 31037.375367
3.54 31014.458661
3.56 30991.671978
3.58 30969.023443
3.6 30946.512815
3.62 30924.141517
3.64 30901.930421
3.66 30882.487836
3.68 30882.175464
3.7 30882.1527
3.72 30882.141911
3.74 30878.301189
3.76 30861.706995
3.78 30845.207028
3.8 30828.809143
3.82 30812.512517
3.84 30796.316337
3.86 30780.219796
3.88 30764.230457
3.9 30748.330644
3.92 30732.5281
3.94 30716.822052
3.96 30701.211732
3.98 30685.704757
4 30670.283447
4.02 30654.955481
4.04 30638.358819
4.06 30621.370519
4.08 30604.481341
4.1 30587.698816
4.12 30571.005594
4.14 30554.409371
4.16 30537.909131
4.18 30521.504639
4.2 30505.203088
4.22 30487.862841
4.24 30468.656109
4.26 30449.695269
4.28 30433.446573
4.3 30425.050258
4.32 30409.30271
4.34 30393.636581
4.36 30378.059702
4.38 30362.571426
4.4 30347.171108
4.42 30331.858143
4.44 30320.874622
4.46 30317.454564
4.48 30314.072091
4.5 30310.716303
4.52 30300.125098
4.54 30286.995545
4.56 30273.933698
4.58 30260.947115
4.6 30248.035233
4.62 30235.197488
4.64 30222.433326
4.66 30211.364784
4.68 30199.816296
4.7 30188.364907
4.72 30178.845935
4.74 30166.426447
4.76 30154.077372
4.78 30139.666562
4.8 30125.568423
4.82 30113.436544
4.84 30101.372484
4.86 30089.376485
4.88 30081.447554
4.9 30069.576772
4.92 30057.772364
4.94 30046.033847
4.96 30042.291842
4.98 30040.154845
5 30038.046556
5.02 30035.944862
5.04 30033.851924
5.06 30027.35535
5.08 30014.089823
5.1 30000.89513
5.12 29987.778375
5.14 29974.724234
5.16 29967.024124
5.18 29963.035063
5.2 29958.424362
5.22 29944.09666
5.24 29928.674743
5.26 29913.440889
5.28 29903.132376
5.3 29901.072062
5.32 29899.480151
5.34 29897.962981
5.36 29896.464496
5.38 29894.980598
5.4 29893.50548
5.42 29892.033482
5.44 29890.553682
5.46 29883.079799
5.48 29872.51881
5.5 29862.013985
5.52 29853.420848
5.54 29841.171265
5.56 29832.723772
5.58 29820.555716
5.6 29810.325789
5.62 29800.149733
5.64 29791.839979
5.66 29786.094194
5.68 29776.071683
5.7 29766.081791
5.72 29754.557354
5.74 29744.628383
5.76 29736.476769
5.78 29726.713244
5.8 29723.272845
5.82 29721.539878
5.84 29719.795542
5.86 29718.000076
5.88 29716.041436
5.9 29713.392596
5.92 29706.728144
5.94 29700.626838
5.96 29688.539074
5.98 29675.217135
6 29669.486788
6.02 29668.761892
6.04 29668.179821
6.06 29667.627097
6.08 29667.085726
6.1 29666.549524
6.12 29657.28899
6.14 29650.060889
6.16 29648.583304
6.18 29646.960827
6.2 29641.008032
6.22 29634.232171
6.24 29625.183005
6.26 29614.568801
6.28 29607.206014
6.3 29598.284878
6.32 29591.269931
10.88 38784.155744
10.9 38781.327699
10.92 38759.420092
10.94 38742.132228
10.96 38732.706369
10.98 38732.408028
11 38732.11299
11.02 38693.185323
11.04 38619.434459
11.06 38539.628676
11.08 38460.354634
11.1 38382.503181
11.12 38349.119121
11.14 38347.62785
11.16 38273.67594
11.18 38193.63149
11.2 38112.971548
11.22 38033.047839
11.24 37953.852092
11.26 37875.387384
11.28 37797.6249
11.3 37720.606547
11.32 37662.268993
11.34 37586.651989
11.36 37511.599095
11.38 37437.198377
11.4 37363.457305
11.42 37290.370304
11.44 37217.931775
11.46 37146.136206
11.48 37074.988384
11.5 37004.470058
11.52 36934.609833
11.54 36865.618468
11.56 36816.961734
11.58 36796.964178
11.6 36737.988952
11.62 36675.368031
11.64 36613.124643
11.66 36551.37934
11.68 36490.152165
11.7 36429.446053
11.72 36369.271441
11.74 36309.599664
11.76 36250.439163
11.78 36191.785482
11.8 36133.634255
11.82 36075.994035
11.84 36018.835557
11.86 35962.170274
11.88 35905.998273
11.9 35850.325508
11.92 35795.172709
11.94 35740.620431
11.96 35687.006589
11.98 35640.645376
12 35629.941577
12.02 35626.554248
12.04 35623.539659
12.06 35608.860071
12.08 35552.109976
12.1 35495.556996
12.12 35439.448856
12.14 35383.791638
12.16 35328.595012
12.18 35273.830824
12.2 35219.507138
12.22 35165.619514
12.24 35112.163502
12.26 35059.13466
12.28 35006.54026
12.3 34954.352238
12.32 34902.578288
12.34 34851.214122
12.36 34800.255511
12.38 34749.709992
12.4 34699.549697
12.42 34649.782589
12.44 34600.404673
12.46 34551.412007
12.48 34502.800746
12.5 34454.578604
12.52 34406.71896
12.54 34359.230775
12.56 34312.114419
12.58 34265.418844
12.6 34232.456021
12.62 34186.896634
12.64 34141.235882
12.66 34095.871205
12.68 34050.835039
12.7 34006.133173
12.72 33961.776889
12.74 33917.741808
12.76 33874.036963
12.78 33830.659598
12.8 33787.606819
12.82 33744.875669
12.84 33702.474091
12.86 33660.376986
12.88 33618.592598
12.9 33577.117991
12.92 33535.950261
12.94 33497.487274
12.96 33462.546896
12.98 33427.866674
13 33393.454477
13.02 33359.307515
13.04 33325.42312
13.06 33291.809365
13.08 33258.441985
13.1 33225.329407
13.12 33192.469116
13.14 33159.858621
13.16 33127.495476
13.18 33095.387721
13.2 33063.511764
13.22 33031.875967
13.24 33000.477993
13.26 32969.315526
13.28 32938.386286
13.3 32907.698257
13.32 32877.228476
13.34 32846.985233
13.36 32816.966355
13.38 32787.16969
13.4 32757.603396
13.42 32728.244635
13.44 32699.102038
13.46 32670.177318
13.48 32663.68171
13.5 32663.359682
13.52 32662.472359
13.54 32644.492982
13.56 32610.787189
13.58 32577.181651
13.6 32543.788662
13.62 32510.618747
13.64 32477.683102
13.66 32444.961088
13.68 32412.461366
13.7 32380.182255
13.72 32348.121959
13.74 32316.288489
13.76 32284.660031
13.78 32253.2448
13.8 32222.040927
13.82 32191.046552
