2.5 32383.313678
2.52 32357.227835
2.54 32331.314684
2.56 32305.582557
2.58 32280.029809
2.6 32251.175594
2.62 32225.995393
2.64 32200.979835
2.66 32171.146322
2.68 32141.082636
2.7 32111.215582
2.72 32081.543534
2.74 32052.074355
2.76 32022.787249
2.78 31993.690307
2.8 31964.78193
2.82 31936.060532
2.84 31907.524538
2.86 31879.181684
2.88 31851.011626
2.9 31823.022337
2.92 31795.212298
2.94 31767.580006
2.96 31740.13329
2.98 31712.851845
3 31685.743741
3.02 31658.807583
3.04 31633.129598
3.06 31610.040733
3.08 31587.109055
3.1 31564.314683
3.12 31541.665722
3.14 31519.160966
3.16 31496.799221
3.18 31474.579305
3.2 31452.509014
3.22 31430.569075
3.24 31408.767496
3.26 31387.103149
3.28 31365.57491
3.3 31344.190649
3.32 31322.931119
3.34 31301.8044
3.36 31280.809416
3.38 31259.945102
3.4 31239.2104
3.42 31218.61308
3.44 31198.134295
3.46 31177.782019
3.48 31157.555236
3.5 31137.452942
3.52 31117.47414
3.54 31097.626497
3.56 31077.891555
3.58 31058.277179
3.6 31038.78241
3.62 31019.406301
3.64 31000.156583
3.66 30981.014812
3.68 30961.988913
3.7 30943.077976
3.72 30924.281099
3.74 30905.597394
3.76 30887.034582
3.78 30882.125706
3.8 30882.111764
3.82 30882.065234
3.84 30867.361776
3.86 30845.816924
3.88 30824.403532
3.9 30803.10667
3.92 30781.934408
3.94 30760.886014
3.96 30739.960704
3.98 30719.16607
4 30698.484429
4.02 30677.923602
4.04 30657.482933
4.06 30637.161898
4.08 30616.960264
4.1 30601.805508
4.12 30586.472173
4.14 30567.772876
4.16 30553.072328
4.18 30541.102578
4.2 30528.256166
4.22 30513.806669
4.24 30499.442985
4.26 30485.164452
4.28 30470.970408
4.3 30456.860204
4.32 30442.841298
4.34 30428.896686
4.36 30416.195106
4.38 30412.372644
4.4 30408.577321
4.42 30404.803754
4.44 30401.05286
4.46 30397.29563
4.48 30393.490773
4.5 30388.574611
4.52 30370.743812
4.54 30352.443835
4.56 30334.233721
4.58 30316.138288
4.6 30298.238128
4.62 30287.151484
4.64 30270.366718
4.66 30252.79627
4.68 30235.275515
4.7 30218.024702
4.72 30204.349469
4.74 30200.508262
4.76 30197.570186
4.78 30194.74575
4.8 30191.955697
4.82 30189.191339
4.84 30178.087553
4.86 30164.008911
4.88 30157.205357
4.9 30153.541314
4.92 30149.807269
4.94 30145.828447
4.96 30140.690638
4.98 30130.12456
5 30114.85256
5.02 30099.013084
5.04 30089.455834
5.06 30073.664767
5.08 30057.901565
5.1 30048.733729
5.12 30044.729384
5.14 30041.360851
5.16 30038.178813
5.18 30035.077802
5.2 30025.642673
5.22 30015.942572
5.24 30005.601115
5.26 29994.390498
5.28 29983.240591
5.3 29972.150965
5.32 29961.121193
5.34 29950.158238
5.36 29943.063872
5.38 29939.142944
5.4 29935.655452
5.42 29928.995963
5.44 29916.280475
5.46 29901.839734
5.48 29887.886513
5.5 29878.96451
5.52 29865.504126
5.54 29860.355903
5.56 29849.510452
5.58 29837.426861
5.6 29833.529212
5.62 29832.292648
5.64 29831.082744
5.66 29829.886369
5.68 29828.704769
5.7 29827.518317
5.72 29826.325022
5.74 29825.09353
5.76 29822.879629
5.78 29809.672194
5.8 29795.904607
5.82 29782.985129
5.84 29775.649221
5.86 29771.950904
5.88 29769.671792
5.9 29767.669149
5.92 29765.753836
5.94 29757.804824
5.96 29746.411929
5.98 29735.077874
6 29734.138348
6.02 29724.973514
6.04 29715.452951
6.06 29705.980713
6.08 29698.909515
6.1 29693.090588
6.12 29683.756733
6.14 29674.46288
6.16 29665.215817
6.18 29664.250757
6.2 29655.975423
6.22 29646.784277
6.24 29637.226152
6.26 29636.102535
6.28 29635.629528
6.3 29635.204335
6.32 29634.793078
10.92 38830.244784
10.94 38792.461629
10.96 38791.733928
10.98 38791.017918
11 38774.504089
11.02 38743.23971
11.04 38742.47409
11.06 38710.408016
11.08 38682.440859
11.1 38682.321691
11.12 38681.581482
11.14 38678.633601
11.16 38608.398431
11.18 38529.650315
11.2 38451.656682
11.22 38374.430873
11.24 38303.674256
11.26 38228.204057
11.28 38153.231432
11.3 38078.947134
11.32 38005.368824
11.34 37932.502883
11.36 37860.357504
11.38 37789.032149
11.4 37719.141637
11.42 37654.107424
11.44 37585.86468
11.46 37517.40893
11.48 37449.436026
11.5 37382.05438
11.52 37315.31839
11.54 37249.259751
11.56 37183.918011
11.58 37119.359885
11.6 37055.711777
11.62 36992.360258
11.64 36923.773957
11.66 36855.773973
11.68 36793.651443
11.7 36732.503028
11.72 36671.52632
11.74 36606.315908
11.76 36544.257739
11.78 36485.353917
11.8 36426.830829
11.82 36368.715792
11.84 36311.023374
11.86 36253.790838
11.88 36197.031476
11.9 36140.752622
11.92 36084.9584
11.94 36029.663506
11.96 35974.846576
11.98 35920.524846
12 35866.707538
12.02 35813.412949
12.04 35760.677729
12.06 35708.579463
12.08 35657.203412
12.1 35606.509401
12.12 35556.120903
12.14 35505.865738
12.16 35455.841306
12.18 35406.105914
12.2 35356.722434
12.22 35307.711109
12.24 35259.083147
12.26 35210.843537
12.28 35163.00553
12.3 35115.544605
12.32 35068.472112
12.34 35021.785228
12.36 34975.481166
12.38 34929.568556
12.4 34884.02038
12.42 34838.845134
12.44 34794.039647
12.46 34749.600259
12.48 34705.523456
12.5 34661.817176
12.52 34618.454806
12.54 34575.444676
12.56 34532.783653
12.58 34490.468695
12.6 34448.497281
12.62 34406.879089
12.64 34365.59283
12.66 34324.661419
12.68 34284.163676
12.7 34249.067017
12.72 34218.120019
12.74 34177.512315
12.76 34136.737357
12.78 34096.169859
12.8 34055.871955
12.82 34015.860273
12.84 33976.151073
12.86 33936.723448
12.88 33897.5884
12.9 33858.747128
12.92 33820.461723
12.94 33781.90002
12.96 33743.926003
12.98 33706.223022
13 33669.187477
13.02 33631.629427
13.04 33594.753357
13.06 33559.582081
13.08 33524.850356
13.1 33490.383579
13.12 33456.179035
13.14 33422.234121
13.16 33388.546283
13.18 33355.123468
13.2 33321.941987
13.22 33289.010111
13.24 33256.32541
13.26 33223.88548
13.28 33191.687949
13.3 33159.740713
13.32 33128.020722
13.34 33096.53618
13.36 33065.284825
13.38 33034.264419
13.4 33003.483019
13.42 32972.917661
13.44 32942.576702
13.46 32912.458007
13.48 32882.559468
13.5 32852.878997
13.52 32823.424583
13.54 32794.173854
13.56 32765.135087
13.58 32736.306292
13.6 32707.685506
13.62 32679.270832
13.64 32654.682792
13.66 32626.667112
13.68 32598.84997
13.7 32571.23115
13.72 32543.808937
13.74 32516.591402
13.76 32489.556815
13.78 32462.713494
13.8 32436.059685
13.82 32409.593652
