2.5 32554.35358
2.52 32525.72143
2.54 32497.271915
2.56 32469.013451
2.58 32440.944486
2.6 32413.063432
2.62 32385.378374
2.64 32357.868136
2.66 32330.54105
2.68 32303.395539
2.7 32276.430047
2.72 32249.643032
2.74 32223.04245
2.76 32196.607605
2.78 32170.346709
2.8 32144.258274
2.82 32118.340832
2.84 32092.592932
2.86 32067.022432
2.88 32041.609107
2.9 32016.361061
2.92 31991.276896
2.94 31966.355231
2.96 31941.604018
2.98 31917.003069
3 31892.560563
3.02 31868.275176
3.04 31844.145482
3.06 31817.393248
3.08 31790.083443
3.1 31762.936015
3.12 31735.958872
3.14 31709.150597
3.16 31682.509788
3.18 31656.035057
3.2 31629.733987
3.22 31603.58712
3.24 31577.602261
3.26 31551.778086
3.28 31526.113282
3.3 31500.615529
3.32 31475.265409
3.34 31450.070822
3.36 31425.030515
3.38 31400.143253
3.4 31375.407814
3.42 31354.331832
3.44 31335.153123
3.46 31312.373434
3.48 31292.414546
3.5 31273.611888
3.52 31254.928505
3.54 31236.372062
3.56 31217.924099
3.58 31199.592482
3.6 31181.376252
3.62 31163.274462
3.64 31145.294842
3.66 31127.418951
3.68 31109.654714
3.7 31092.001222
3.72 31074.457573
3.74 31057.022875
3.76 31039.704759
3.78 31022.485155
3.8 31005.371881
3.82 30988.364082
3.84 30971.46091
3.86 30954.661525
3.88 30937.973457
3.9 30921.378996
3.92 30904.885855
3.94 30888.493227
3.96 30876.672655
3.98 30860.476102
4 30844.368955
4.02 30828.354636
4.04 30810.908288
4.06 30793.259257
4.08 30776.502574
4.1 30760.892976
4.12 30745.369505
4.14 30729.93903
4.16 30714.600748
4.18 30699.080174
4.2 30681.352251
4.22 30666.292644
4.24 30648.168777
4.26 30628.286693
4.28 30608.520745
4.3 30589.275464
4.32 30572.911034
4.34 30556.632162
4.36 30540.445916
4.38 30524.351599
4.4 30508.348548
4.42 30492.436529
4.44 30486.01097
4.46 30481.885337
4.48 30477.820202
4.5 30464.544075
4.52 30450.754156
4.54 30437.05183
4.56 30423.420381
4.58 30409.867349
4.6 30396.392145
4.62 30382.994186
4.64 30369.672893
4.66 30359.144616
4.68 30345.968822
4.7 30332.868018
4.72 30319.841648
4.74 30306.889159
4.76 30294.010004
4.78 30281.211362
4.8 30268.477112
4.82 30259.862075
4.84 30247.261762
4.86 30234.732137
4.88 30218.259833
4.9 30205.878819
4.92 30191.690463
4.94 30178.69614
4.96 30169.148611
4.98 30157.041133
5 30145.008408
5.02 30134.209171
5.04 30125.077565
5.06 30113.227025
5.08 30101.441742
5.1 30089.721246
5.12 30086.393629
5.14 30084.127437
5.16 30081.875244
5.18 30079.63141
5.2 30077.385445
5.22 30064.81098
5.24 30051.607196
5.26 30038.472983
5.28 30025.408021
5.3 30015.618434
5.32 30008.183882
5.34 30001.707894
5.36 29987.435471
5.38 29972.034657
5.4 29956.783067
5.42 29944.404953
5.44 29941.671805
5.46 29939.918907
5.48 29938.251048
5.5 29936.615208
5.52 29934.99658
5.54 29933.388626
5.56 29931.793202
5.58 29930.186764
5.6 29928.550063
5.62 29926.017924
5.64 29915.459656
5.66 29904.956723
5.68 29891.784005
5.7 29877.609372
5.72 29871.921676
5.74 29863.497648
5.76 29853.265657
5.78 29843.093957
5.8 29832.967701
5.82 29825.307404
5.84 29815.629576
5.86 29805.307356
5.88 29795.38327
5.9 29785.51763
5.92 29775.695537
5.94 29769.543596
5.96 29762.02342
5.98 29760.159429
6 29758.255057
6.02 29756.229229
6.04 29753.6997
6.06 29748.236856
6.08 29736.806187
6.1 29728.95665
6.12 29717.092203
6.14 29703.974401
6.16 29697.310513
6.18 29695.194949
6.2 29694.02772
6.22 29693.333962
6.24 29692.697683
6.26 29692.068079
6.28 29691.443437
6.3 29685.539655
6.32 29683.886492
11 38838.029658
11.02 38830.667881
11.04 38779.644923
11.06 38750.716115
11.08 38750.339624
11.1 38749.97461
11.12 38749.458496
11.14 38711.293131
11.16 38709.831282
11.18 38666.296265
11.2 38582.812126
11.22 38502.670355
11.24 38425.423986
11.26 38349.896598
11.28 38275.083455
11.3 38197.791285
11.32 38123.296495
11.34 38049.471714
11.36 37976.309947
11.38 37903.8163
11.4 37831.959952
11.42 37760.751087
11.44 37702.38646
11.46 37701.439881
11.48 37700.369548
11.5 37699.542377
11.52 37697.118621
11.54 37662.933215
11.56 37594.682979
11.58 37526.96653
11.6 37459.873209
11.62 37393.37584
11.64 37327.482205
11.66 37262.185978
11.68 37197.480692
11.7 37133.359851
11.72 37065.887915
11.74 36997.850243
11.76 36930.390397
11.78 36863.504606
11.8 36797.202899
11.82 36739.211634
11.84 36682.482259
11.86 36617.996622
11.88 36553.862879
11.9 36490.228915
11.92 36427.111563
11.94 36364.523576
11.96 36302.438403
11.98 36240.864019
12 36179.7959
12.02 36119.229419
12.04 36059.16005
12.06 35999.595198
12.08 35940.507612
12.1 35881.906997
12.12 35823.79417
12.14 35766.179146
12.16 35709.122808
12.18 35653.022447
12.2 35621.357965
12.22 35612.96436
12.24 35589.787465
12.26 35547.561417
12.28 35499.222954
12.3 35450.084602
12.32 35401.192367
12.34 35352.664192
12.36 35304.522213
12.38 35256.782442
12.4 35209.420476
12.42 35162.445852
12.44 35115.85552
12.46 35069.645881
12.48 35023.813256
12.5 34978.365327
12.52 34933.275157
12.54 34888.550701
12.56 34844.188242
12.58 34800.184038
12.6 34756.5344
12.62 34713.246838
12.64 34670.295127
12.66 34627.687152
12.68 34585.419396
12.7 34543.488377
12.72 34501.901857
12.74 34460.633803
12.76 34419.692415
12.78 34379.074556
12.8 34338.777453
12.82 34298.799879
12.84 34259.173011
12.86 34223.32768
12.88 34184.513669
12.9 34145.813911
12.92 34107.384504
12.94 34069.24199
12.96 34031.399329
12.98 33993.832484
13 33955.44795
13.02 33915.703072
13.04 33878.998511
13.06 33842.085414
13.08 33800.729916
13.1 33759.422026
13.12 33718.411713
13.14 33677.696293
13.16 33637.273088
13.18 33597.149902
13.2 33557.302911
13.22 33517.740226
13.24 33478.459263
13.26 33439.457465
13.28 33400.732311
13.3 33362.291545
13.32 33324.111988
13.34 33286.201708
13.36 33248.558323
13.38 33211.17949
13.4 33174.07318
13.42 33137.216381
13.44 33100.617431
13.46 33064.274236
13.48 33028.184814
13.5 32992.347328
13.52 32956.770223
13.54 32921.431926
13.56 32886.342102
13.58 32851.501292
13.6 32816.912464
13.62 32782.58442
13.64 32748.553157
13.66 32714.898247
13.68 32682.411729
13.7 32665.816212
13.72 32664.519822
13.74 32664.151695
13.76 32663.841711
13.78 32641.430422
13.8 32612.217921
13.82 32583.189008
