2.5 32617.926055
2.52 32590.761774
2.54 32563.777254
2.56 32536.980835
2.58 32510.370835
2.6 32483.945579
2.62 32457.713084
2.64 32431.652128
2.66 32402.298872
2.68 32376.604679
2.7 32351.087077
2.72 32320.969084
2.74 32290.476611
2.76 32260.171783
2.78 32230.062882
2.8 32200.148425
2.82 32170.426903
2.84 32140.896782
2.86 32111.565821
2.88 32082.413678
2.9 32053.44832
2.92 32024.66821
2.94 31996.071821
2.96 31967.666953
2.98 31939.433264
3 31911.378778
3.02 31883.502014
3.04 31855.801503
3.06 31828.275788
3.08 31800.932574
3.1 31773.752125
3.12 31749.168719
3.14 31725.798783
3.16 31702.577129
3.18 31679.502495
3.2 31656.58263
3.22 31633.79822
3.24 31611.157234
3.26 31588.658502
3.28 31566.300862
3.3 31544.092145
3.32 31522.013064
3.34 31500.071662
3.36 31478.266823
3.38 31456.597446
3.4 31435.062435
3.42 31413.669521
3.44 31392.399825
3.46 31371.261281
3.48 31350.252838
3.5 31329.37346
3.52 31308.622113
3.54 31288.006431
3.56 31267.507923
3.58 31247.134419
3.6 31226.884929
3.62 31206.758472
3.64 31186.762748
3.66 31166.879279
3.68 31147.11596
3.7 31127.471846
3.72 31107.946003
3.74 31088.537504
3.76 31069.253947
3.78 31050.077227
3.8 31031.015129
3.82 31012.066763
3.84 30993.231246
3.86 30974.507705
3.88 30955.903638
3.9 30937.401301
3.92 30919.008379
3.94 30900.724047
3.96 30882.549032
3.98 30882.112655
4 30882.047746
4.02 30864.980234
4.04 30843.823531
4.06 30822.786218
4.08 30801.869506
4.1 30781.08113
4.12 30760.403748
4.14 30739.844979
4.16 30719.404046
4.18 30703.710026
4.2 30688.280256
4.22 30669.13988
4.24 30654.162998
4.26 30639.274766
4.28 30624.474494
4.3 30609.761504
4.32 30595.14323
4.34 30580.602645
4.36 30566.147349
4.38 30551.776691
4.4 30537.490024
4.42 30523.286708
4.44 30509.174077
4.46 30495.135417
4.48 30481.178225
4.5 30471.498413
4.52 30457.6927
4.54 30443.974645
4.56 30430.327535
4.58 30416.758909
4.6 30403.268176
4.62 30389.854753
4.64 30376.518061
4.66 30363.265378
4.68 30358.196773
4.7 30354.681563
4.72 30351.039049
4.74 30340.531373
4.76 30322.734002
4.78 30305.001887
4.8 30287.363132
4.82 30269.850316
4.84 30256.158828
4.86 30242.696928
4.88 30225.682964
4.9 30209.890621
4.92 30197.569887
4.94 30185.317838
4.96 30173.133957
4.98 30168.111757
5 30165.452209
5.02 30162.833981
5.04 30160.242843
5.06 30157.670459
5.08 30155.111279
5.1 30145.506436
5.12 30131.882798
5.14 30118.324268
5.16 30109.926727
5.18 30106.171417
5.2 30101.135007
5.22 30090.424124
5.24 30075.568258
5.26 30066.558362
5.28 30051.349749
5.3 30035.631888
5.32 30020.732533
5.34 30013.777657
5.36 30010.224517
5.38 30007.124507
5.4 30004.171433
5.42 30001.285923
5.44 29998.436045
5.46 29995.610509
5.48 29992.788269
5.5 29990.080986
5.52 29982.133731
5.54 29971.288006
5.56 29960.506866
5.58 29949.775224
5.6 29939.100096
5.62 29928.481091
5.64 29917.917832
5.66 29907.409958
5.68 29896.964173
5.7 29886.565709
5.72 29876.221472
5.74 29869.625112
5.76 29859.380504
5.78 29849.195916
5.8 29839.043596
5.82 29828.973276
5.84 29819.721115
5.86 29818.584901
5.88 29817.459304
5.9 29816.345936
5.92 29815.224315
5.94 29814.086844
5.96 29812.835546
5.98 29806.335626
6 29793.756447
6.02 29780.328709
6.04 29768.836615
6.06 29759.576726
6.08 29753.408877
6.1 29751.033989
6.12 29749.089854
6.14 29747.264341
6.16 29745.491008
6.18 29743.739443
6.2 29738.601059
6.22 29727.516755
6.24 29725.137724
6.26 29724.379235
6.28 29719.782789
6.3 29710.48885
6.32 29701.241073
11.02 38841.917806
11.04 38799.648808
11.06 38788.288949
11.08 38787.613514
11.1 38786.948769
11.12 38773.771836
11.14 38741.135404
11.16 38738.524048
11.18 38686.076071
11.2 38682.567785
11.22 38682.450042
11.24 38681.720493
11.26 38679.096814
11.28 38612.213439
11.3 38535.010748
11.32 38458.532586
11.34 38382.787922
11.36 38313.278031
11.38 38239.344541
11.4 38165.783073
11.42 38092.876651
11.44 38020.647222
11.46 37949.100619
11.48 37878.253332
11.5 37808.136415
11.52 37739.045941
11.54 37674.501377
11.56 37608.369223
11.58 37541.209545
11.6 37474.417463
11.62 37408.166166
11.64 37342.519732
11.66 37273.514125
11.68 37203.790524
11.7 37139.75893
11.72 37076.366069
11.74 37013.544205
11.76 36947.440965
11.78 36882.623824
11.8 36821.346859
11.82 36760.655675
11.84 36700.559439
11.86 36641.229501
11.88 36582.907538
11.9 36525.111
11.92 36467.571523
11.94 36410.366961
11.96 36353.537717
11.98 36297.133518
12 36241.174774
12.02 36185.67259
12.04 36130.632985
12.06 36076.071094
12.08 36021.96542
12.1 35968.330917
12.12 35915.172266
12.14 35862.498482
12.16 35810.339318
12.18 35758.702568
12.2 35707.672507
12.22 35657.343217
12.24 35607.671747
12.26 35558.304332
12.28 35509.077434
12.3 35460.041104
12.32 35411.296148
12.34 35362.884035
12.36 35314.827962
12.38 35267.151074
12.4 35219.834857
12.42 35172.892628
12.44 35126.32538
12.46 35080.131134
12.48 35034.307804
12.5 34988.86427
12.52 34943.774508
12.54 34899.04703
12.56 34854.679027
12.58 34810.66704
12.6 34767.00777
12.62 34723.709063
12.64 34680.745002
12.66 34638.123712
12.68 34595.842106
12.7 34553.896996
12.72 34512.296615
12.74 34471.015638
12.76 34430.063474
12.78 34389.439413
12.8 34349.146664
12.82 34309.203958
12.84 34269.768752
12.86 34233.10741
12.88 34193.722884
12.9 34153.689104
12.92 34113.905107
12.94 34075.461647
12.96 34037.588036
12.98 33998.243978
13 33956.881817
13.02 33919.585272
13.04 33882.870365
13.06 33842.588092
13.08 33806.440656
13.1 33770.569317
13.12 33734.970367
13.14 33699.64106
13.16 33664.578737
13.18 33629.791251
13.2 33595.254823
13.22 33560.977631
13.24 33526.957157
13.26 33493.190908
13.28 33459.676426
13.3 33426.42152
13.32 33393.403057
13.34 33360.629156
13.36 33328.097471
13.38 33295.805682
13.4 33263.761766
13.42 33231.942679
13.44 33200.356698
13.46 33169.00161
13.48 33137.87523
13.5 33106.975393
13.52 33076.310013
13.54 33045.856646
13.56 33015.62349
13.58 32985.608484
13.6 32955.809587
13.62 32926.224781
13.64 32896.861909
13.66 32867.699097
13.68 32838.744466
13.7 32809.996089
13.72 32781.45206
13.74 32753.120357
13.76 32724.979171
13.78 32697.036762
13.8 32669.291519
13.82 32645.291091
