2.5 32657.322954
2.52 32625.445956
2.54 32592.943609
2.56 32560.623416
2.58 32528.508677
2.6 32496.602942
2.62 32464.915911
2.64 32436.997252
2.66 32411.101459
2.68 32382.570191
2.7 32354.541704
2.72 32329.190392
2.74 32304.022035
2.76 32279.015911
2.78 32254.180191
2.8 32229.513365
2.82 32205.01394
2.84 32180.68044
2.86 32156.520701
2.88 32132.514479
2.9 32108.669848
2.92 32084.985395
2.94 32061.45972
2.96 32038.100757
2.98 32014.888302
3 31991.83052
3.02 31968.926074
3.04 31946.173636
3.06 31923.571896
3.08 31901.128694
3.1 31878.824277
3.12 31856.666711
3.14 31834.654739
3.16 31812.787118
3.18 31791.06262
3.2 31769.48899
3.22 31748.046909
3.24 31726.74434
3.26 31705.580106
3.28 31684.553039
3.3 31663.670967
3.32 31642.914596
3.34 31622.291968
3.36 31601.801963
3.38 31581.443472
3.4 31561.2154
3.42 31541.125475
3.44 31521.154811
3.46 31501.311344
3.48 31481.594019
3.5 31461.003166
3.52 31439.417044
3.54 31420.08823
3.56 31397.657406
3.58 31373.400712
3.6 31349.289203
3.62 31325.321748
3.64 31301.505895
3.66 31277.823024
3.68 31254.280883
3.7 31230.878388
3.72 31207.614468
3.74 31184.488066
3.76 31161.506647
3.78 31138.651986
3.8 31115.93175
3.82 31093.344937
3.84 31070.890565
3.86 31048.567679
3.88 31026.383714
3.9 31004.320914
3.92 30982.387035
3.94 30960.581526
3.96 30938.904443
3.98 30917.366653
4 30895.974671
4.02 30882.258668
4.04 30882.166106
4.06 30882.148467
4.08 30882.138848
4.1 30882.138963
4.12 30882.131427
4.14 30882.121756
4.16 30876.52963
4.18 30860.550932
4.2 30842.966532
4.22 30825.473915
4.24 30808.081622
4.26 30790.788936
4.28 30773.595122
4.3 30756.499442
4.32 30739.508908
4.34 30719.646266
4.36 30699.668543
4.38 30679.802993
4.4 30660.048894
4.42 30640.405529
4.44 30620.88017
4.46 30601.45606
4.48 30582.140681
4.5 30562.933453
4.52 30543.833888
4.54 30524.84968
4.56 30505.964908
4.58 30487.189518
4.6 30468.534625
4.62 30450.584544
4.64 30439.350228
4.66 30421.625179
4.68 30403.494497
4.7 30385.417083
4.72 30367.526623
4.74 30351.131179
4.76 30345.143823
4.78 30341.567865
4.8 30338.152536
4.82 30334.793301
4.84 30329.53158
4.86 30314.910455
4.88 30300.376189
4.9 30285.912934
4.92 30271.528023
4.94 30257.220916
4.96 30242.991198
4.98 30236.7638
5 30233.875955
5.02 30230.978607
5.04 30228.037676
5.06 30224.47241
5.08 30208.727158
5.1 30191.946769
5.12 30175.279495
5.14 30158.754189
5.16 30144.492909
5.18 30132.750847
5.2 30116.821087
5.22 30103.901442
5.24 30099.043199
5.26 30095.421697
5.28 30092.057759
5.3 30088.794135
5.32 30085.580742
5.34 30079.847782
5.36 30068.473335
5.38 30058.29761
5.4 30048.426387
5.42 30037.228467
5.44 30026.090296
5.46 30015.01873
5.48 30003.998688
5.5 29993.037157
5.52 29986.492631
5.54 29982.345385
5.56 29973.277111
5.58 29959.484353
5.6 29944.871583
5.62 29932.221297
5.64 29921.650485
5.66 29911.134674
5.68 29905.375964
5.7 29899.06389
5.72 29886.961978
5.74 29874.921071
5.76 29868.987298
5.78 29867.65588
5.8 29866.3357
5.82 29865.026094
5.84 29863.722011
5.86 29862.416909
5.88 29861.094587
5.9 29859.679529
5.92 29852.010709
5.94 29838.23552
5.96 29825.186617
5.98 29815.695785
6 29811.332442
6.02 29810.042848
6.04 29808.764196
6.06 29806.990755
6.08 29805.03292
6.1 29794.840262
6.12 29783.487601
6.14 29772.18349
6.16 29763.989279
6.18 29763.093768
6.2 29757.41916
6.22 29747.93763
6.24 29738.51037
6.26 29731.449863
6.28 29723.589586
6.3 29716.322437
6.32 29707.063318
11.04 38840.768794
11.06 38839.62
11.08 38838.485505
11.1 38837.365074
11.12 38783.775064
11.14 38773.17139
11.16 38748.992549
11.18 38729.673084
11.2 38729.417063
11.22 38729.164635
11.24 38728.914885
11.26 38697.240714
11.28 38626.66408
11.3 38550.051466
11.32 38473.842619
11.34 38398.638899
11.36 38349.812944
11.38 38317.306887
11.4 38238.414152
11.42 38160.213813
11.44 38082.703843
11.46 38005.87697
11.48 37929.736386
11.5 37854.253498
11.52 37779.435447
11.54 37706.646347
11.56 37649.333608
11.58 37576.461349
11.6 37504.151881
11.62 37432.456861
11.64 37361.375235
11.66 37290.903616
11.68 37221.039459
11.7 37151.808418
11.72 37086.794512
11.74 37024.946203
11.76 36964.531519
11.78 36906.719119
11.8 36855.327586
11.82 36819.833711
11.84 36788.142199
11.86 36728.428412
11.88 36668.173664
11.9 36608.319626
11.92 36548.935082
11.94 36490.045055
11.96 36431.626657
11.98 36373.690198
12 36316.232309
12.02 36259.249101
12.04 36202.73653
12.06 36146.702342
12.08 36091.118976
12.1 36035.995302
12.12 35981.328994
12.14 35927.11946
12.16 35873.381707
12.18 35820.101965
12.2 35767.331254
12.22 35715.211955
12.24 35664.832847
12.26 35635.359868
12.28 35629.517084
12.3 35625.751512
12.32 35607.004541
12.34 35552.156134
12.36 35497.591599
12.38 35443.454501
12.4 35389.725835
12.42 35336.415522
12.44 35283.520165
12.46 35231.035901
12.48 35178.958772
12.5 35127.296214
12.52 35076.021076
12.54 35025.141127
12.56 34974.652441
12.58 34924.551117
12.6 34874.833294
12.62 34825.506316
12.64 34776.543796
12.66 34727.953458
12.68 34679.731624
12.7 34631.874655
12.72 34584.390158
12.74 34537.251947
12.76 34490.468069
12.78 34444.035209
12.8 34397.950344
12.82 34352.211203
12.84 34306.830182
12.86 34261.867013
12.88 34230.2476
12.9 34186.212008
12.92 34142.170479
12.94 34098.406865
12.96 34054.960054
12.98 34011.813798
13 33968.979242
13.02 33926.455317
13.04 33888.972852
13.06 33852.537036
13.08 33816.367611
13.1 33780.472858
13.12 33744.850122
13.14 33709.496756
13.16 33674.410194
13.18 33639.598306
13.2 33605.037341
13.22 33570.735502
13.24 33536.690291
13.26 33502.899221
13.28 33469.359869
13.3 33436.080047
13.32 33403.036633
13.34 33370.237755
13.36 33337.681077
13.38 33305.364282
13.4 33273.295364
13.42 33241.45128
13.44 33209.840315
13.46 33178.46026
13.48 33147.308935
13.5 33116.384178
13.52 33085.693912
13.54 33055.215694
13.56 33024.957727
13.58 32994.917953
13.6 32965.094334
13.62 32935.484853
13.64 32906.097362
13.66 32876.909988
13.68 32847.930854
13.7 32819.15804
13.72 32790.589648
13.74 32762.233667
13.76 32734.068321
13.78 32706.101976
13.8 32678.333762
13.82 32662.99883
