2.5 25665.001296
2.52 25663.982617
2.54 25662.961885
2.56 25661.949093
2.58 25660.944164
2.6 25659.947016
2.62 25658.967232
2.64 25657.985206
2.66 25657.010734
2.68 25656.043741
2.7 25655.084154
2.72 25654.131898
2.74 25653.196366
2.76 25652.258352
2.78 25651.327457
2.8 25650.403612
2.82 25649.486747
2.84 25648.576795
2.86 25647.682966
2.88 25646.786438
2.9 25645.896623
2.92 25645.013459
2.94 25644.13688
2.96 25643.276119
2.98 25642.412325
3 25641.55493
3.02 25640.703873
3.04 25639.859093
3.06 25639.02053
3.08 25638.197243
3.1 25637.370747
3.12 25636.550295
3.14 25635.73583
3.16 25634.927295
3.18 25634.124633
3.2 25633.336736
3.22 25632.545472
3.24 25631.75992
3.26 25630.980028
3.28 25630.205741
3.3 25629.445968
3.32 25628.682555
3.34 25627.924595
3.36 25627.172038
3.38 25626.424834
3.4 25625.682934
3.42 25624.955082
3.44 25624.223465
3.46 25623.497009
3.48 25622.775666
3.5 25622.059391
3.52 25621.348136
3.54 25620.650491
3.56 25619.948968
3.58 25619.252334
3.6 25618.560543
3.62 25617.873552
3.64 25617.199965
3.66 25616.522274
3.68 25615.849256
3.7 25615.18087
3.72 25614.517075
3.74 25613.857829
3.76 25613.211585
3.78 25612.561152
3.8 25611.91515
3.82 25611.27354
3.84 25610.636284
3.86 25610.003343
3.88 25609.383022
3.9 25608.758437
3.92 25608.138057
3.94 25607.521844
3.96 25606.909763
3.98 25606.310133
4 25605.706048
4.02 25605.10599
4.04 25604.509924
4.06 25603.917815
4.08 25603.329629
4.1 25602.753544
4.12 25602.172948
4.14 25601.596178
4.16 25601.023199
4.18 25600.45398
4.2 25599.896712
4.22 25599.334764
4.24 25598.776482
4.26 25598.221836
4.28 25597.670793
4.3 25597.123325
4.32 25596.587484
4.34 25596.046925
4.36 25595.509852
4.38 25594.976236
4.4 25594.446048
4.42 25593.91926
4.44 25593.40379
4.46 25592.883571
4.48 25592.366668
4.5 25591.853056
4.52 25591.342705
4.54 25590.843549
4.56 25590.339499
4.58 25589.838632
4.6 25589.340924
4.62 25588.846347
4.64 25588.354877
4.66 25587.874315
4.68 25587.388841
4.7 25586.9064
4.72 25586.426966
4.74 25585.950516
4.76 25585.477024
4.78 25585.014169
4.8 25584.546388
4.82 25584.081497
4.84 25583.619472
4.86 25583.160291
4.88 25582.711642
4.9 25582.257944
4.92 25581.807024
4.94 25581.35886
4.96 25580.913429
4.98 25580.470709
5 25580.038267
5.02 25579.600774
5.04 25579.165931
5.06 25578.733716
5.08 25578.304109
5.1 25577.877089
5.12 25577.460104
5.14 25577.038069
5.16 25576.618563
5.18 25576.201565
5.2 25575.787057
5.22 25575.382496
5.24 25574.972781
5.26 25574.565499
5.28 25574.160631
5.3 25573.758159
5.32 25573.358064
5.34 25572.967689
5.36 25572.57217
5.38 25572.178975
5.4 25571.788086
5.42 25571.399486
5.44 25571.013158
5.46 25570.636332
5.48 25570.254373
5.5 25569.874636
5.52 25569.497103
5.54 25569.121759
5.56 25568.755843
5.58 25568.384705
5.6 25568.015707
5.62 25567.648833
5.64 25567.284066
5.66 25566.921393
5.68 25566.567944
5.7 25566.209292
5.72 25565.852686
5.74 25565.498112
5.76 25565.145555
5.78 25564.802158
5.8 25564.453474
5.82 25564.106764
5.84 25563.762013
5.86 25563.419207
5.88 25563.078332
5.9 25562.746424
5.92 25562.409253
5.94 25562.073973
5.96 25561.740568
5.98 25561.409025
6 25561.079331
6.02 25560.75842
6.04 25560.432272
6.06 25560.107934
6.08 25559.785392
6.1 25559.464635
6.12 25559.152604
6.14 25558.835267
6.16 25558.519676
6.18 25558.205819
6.2 25557.893684
6.22 25557.583258
6.24 25557.281385
6.26 25556.974235
6.28 25556.66876
6.3 25556.364946
6.32 25556.062784
6.34 32038.847419
6.36 31813.681601
6.38 31598.764312
6.4 31393.691123
6.42 31197.898908
6.44 31010.507445
6.46 30832.677593
6.48 30662.456753
6.5 30499.996565
6.52 30344.994287
6.54 30197.003392
6.56 30055.758491
6.58 29920.950875
6.6 29792.285552
6.62 29669.480721
6.64 29552.313507
6.66 29440.429318
6.68 29333.634577
6.7 29231.694918
6.72 29134.386568
6.74 29041.542818
6.76 28952.861297
6.78 28868.199584
6.8 28787.372076
6.82 28710.201659
6.84 28636.51931
6.86 28566.206368
6.88 28497.862931
6.9 28426.942129
6.92 28365.7533
6.94 28307.315078
6.96 28251.499856
6.98 28198.225146
7 28147.293409
7.02 28098.637477
7.04 28052.152426
7.06 28007.738273
7.08 27965.33913
7.1 27924.781635
7.12 27886.022137
7.14 27848.977849
7.16 27820.367271
7.18 27786.529353
7.2 27754.137505
7.22 27723.126638
7.24 27693.471687
7.26 27665.110489
7.28 27637.983544
7.3 27605.85106
7.32 27580.903729
7.34 27557.211511
7.36 27534.541921
7.38 27512.848234
7.4 27492.085933
7.42 27478.281314
7.44 27459.195634
7.46 27440.921059
7.48 27423.420873
7.5 27406.660071
7.52 27390.605281
7.54 27369.557999
7.56 27353.405251
7.58 27316.544766
7.6 27280.628288
7.62 27245.643329
7.64 27211.606859
7.66 27178.440142
7.68 27146.169271
7.7 27114.795574
7.72 27084.337898
7.74 27054.850161
7.76 27032.218167
7.78 27015.806474
7.8 26999.91274
7.82 26984.518484
7.84 26969.606368
7.86 26955.159921
7.88 26941.192672
7.9 26929.839117
7.92 26928.574435
7.94 26927.641419
7.96 26926.879575
7.98 26926.233247
8 26925.59575
8.02 26924.95434
8.04 26924.266258
8.06 26923.475677
8.08 26922.493861
8.1 26921.178144
8.12 26919.123458
8.14 26915.472275
8.16 26907.711003
8.18 26890.885431
8.2 26869.454473
8.22 26847.781313
8.24 26826.376248
8.26 26805.361952
8.28 26784.760383
8.3 26764.573899
8.32 26744.82288
8.34 26725.44895
8.36 26706.882251
8.38 26700.266641
8.4 26688.505262
8.42 26670.72679
8.44 26653.316696
8.46 26636.220932
8.48 26619.461373
8.5 26603.044214
8.52 26587.647392
8.54 26586.608559
8.56 26586.589089
8.58 26586.574815
8.6 26586.566341
8.62 26586.561168
8.64 26586.55855
8.66 26586.569178
8.68 26586.562699
8.7 26586.557269
8.72 26586.553106
8.74 26586.550362
8.76 26586.549088
8.78 26586.557348
8.8 26586.550773
8.82 26586.544413
8.84 26586.537644
8.86 26585.65713
8.88 26582.277539
8.9 26576.548232
8.92 26562.569352
8.94 26548.8324
8.96 26535.333924
8.98 26522.069039
9 26509.053649
9.02 26496.240039
9.04 26483.645439
9.06 26471.265189
9.08 26459.094739
9.1 26447.129651
9.12 26436.596247
9.14 26435.866914
9.16 26429.984069
9.18 26418.764217
9.2 26407.72814
9.22 26396.892333
9.24 26386.211783
9.26 26375.704116
9.28 26365.365857
9.3 26355.193607
9.32 26345.18405
9.34 26335.353335
9.36 26325.658643
9.38 26316.117177
9.4 26306.725914
9.42 26297.481908
9.44 26288.38228
9.46 26279.442834
9.48 26270.622766
9.5 26261.938859
9.52 26253.38849
9.54 26244.9691
9.56 26236.696886
9.58 26228.531214
9.6 26220.489215
9.62 26212.568558
9.64 26204.766964
9.66 26197.082209
9.68 26189.530103
9.7 26182.071807
9.72 26174.724001
9.74 26167.484661
9.76 26160.351805
9.78 26153.323503
9.8 26146.415182
9.82 26139.58966
9.84 26132.863182
9.86 26126.233989
9.88 26119.700364
9.9 26113.278012
9.92 26106.929855
9.94 26100.672383
9.96 26094.504038
9.98 26088.423302
10 26082.428694
10.02 26076.535524
10.04 26070.708231
10.06 26064.962864
10.08 26059.298087
10.1 26053.712602
10.12 26048.205147
10.14 26042.790662
10.16 26037.435011
10.18 26032.153834
10.2 26026.946016
10.22 26021.810477
10.24 26016.762383
10.26 26011.767727
10.28 26006.842366
10.3 26001.985384
10.32 25997.19591
10.34 25992.47312
10.36 25987.831892
10.38 25983.239653
10.4 25978.711966
10.42 25974.248238
10.44 25969.847945
10.46 25965.526293
10.48 25961.251084
10.5 25957.038263
10.52 25952.887679
10.54 25948.799311
10.56 25944.773281
10.58 25940.82497
10.6 25936.924187
10.62 25933.087255
10.64 25929.31516
10.66 25925.609208
10.68 25921.971082
10.7 25918.417422
10.72 25914.92143
10.74 25911.501379
10.76 25908.161309
10.78 25904.906126
10.8 25901.75596
10.82 25898.688927
10.84 25895.727889
10.86 25892.882206
10.88 25890.162271
10.9 25887.579153
10.92 25885.15718
10.94 25882.879898
10.96 25880.769049
10.98 25878.829548
11 25877.062041
11.02 25875.462454
11.04 25874.034207
11.06 25872.741173
11.08 25871.580861
11.1 25870.537646
11.12 25869.595926
11.14 25868.75195
11.16 25867.970211
11.18 25867.249473
11.2 25866.578998
11.22 25865.949356
11.24 25865.352253
11.26 25864.791007
11.28 25864.237917
11.3 25863.69734
11.32 25863.163612
11.34 25862.631297
11.36 25862.095034
11.38 25861.559966
11.4 25860.999488
11.42 25860.417844
11.44 25859.808431
11.46 25859.163954
11.48 25858.486758
11.5 25857.746951
11.52 25856.944462
11.54 25856.067743
11.56 25855.10391
11.58 25854.038589
11.6 25852.866674
11.62 25851.547598
11.64 25850.070391
11.66 25848.410564
11.68 25846.547637
11.7 25844.481534
11.72 25842.25706
11.74 25839.902443
11.76 25837.478835
11.78 25835.020755
11.8 25832.549796
11.82 25830.091498
11.84 25827.62848
11.86 25825.178457
11.88 25822.744527
11.9 25820.328678
11.92 25817.932196
11.94 25815.568131
11.96 25813.212225
11.98 25810.877356
12 25808.563697
12.02 25806.271316
12.04 25804.000204
12.06 25801.762228
12.08 25799.533104
12.1 25797.32496
12.12 25795.137644
12.14 25792.970986
12.16 25790.836761
12.18 25788.710535
12.2 25786.604398
12.22 25784.518146
12.24 25782.451572
12.26 25780.404466
12.28 25778.388284
12.3 25776.379168
12.32 25774.388893
12.34 25772.417247
12.36 25770.464019
12.38 25768.540695
12.4 25766.623373
12.42 25764.723853
12.44 25762.841931
12.46 25760.977405
12.48 25759.130074
12.5 25757.311154
12.52 25755.497326
12.54 25753.700112
12.56 25751.919318
12.58 25750.154757
12.6 25748.406241
12.62 25746.68473
12.64 25744.967466
12.66 25743.265706
12.68 25741.57927
12.7 25739.907984
12.72 25738.262842
12.74 25736.621055
12.76 25734.993909
12.78 25733.381238
12.8 25731.782875
12.82 25730.19866
12.84 25728.639344
12.86 25727.082672
12.88 25725.539677
12.9 25724.010205
12.92 25722.494105
12.94 25720.991225
12.96 25719.512085
12.98 25718.034942
13 25716.570587
13.02 25715.118878
13.04 25713.679672
13.06 25712.263521
13.08 25710.848653
13.1 25709.445884
13.12 25708.05508
13.14 25706.676111
13.16 25705.308847
13.18 25703.963611
13.2 25702.619124
13.22 25701.285966
13.24 25699.964016
13.26 25698.653152
13.28 25697.353253
13.3 25696.074428
13.32 25694.795865
13.34 25693.527922
13.36 25692.270485
13.38 25691.023441
13.4 25689.796927
13.42 25688.570101
13.44 25687.353344
13.46 25686.14655
13.48 25684.949614
13.5 25683.76243
13.52 25682.594928
13.54 25681.426714
13.56 25680.267953
13.58 25679.118547
13.6 25677.978398
13.62 25676.84741
13.64 25675.735308
13.66 25674.622133
13.68 25673.51784
13.7 25672.422339
13.72 25671.335539
13.74 25670.26719
13.76 25669.197303
13.78 25668.135856
13.8 25667.082762
13.82 25666.037936
