2.5 25773.410593
2.52 25771.847751
2.54 25770.286761
2.56 25768.737563
2.58 25767.200044
2.6 25765.674096
2.62 25764.169274
2.64 25762.665926
2.66 25761.173825
2.68 25759.692864
2.7 25758.222938
2.72 25756.763943
2.74 25755.325247
2.76 25753.887596
2.78 25752.460572
2.8 25751.044072
2.82 25749.637999
2.84 25748.242254
2.86 25746.866026
2.88 25745.490445
2.9 25744.124906
2.92 25742.769314
2.94 25741.423577
2.96 25740.096907
2.98 25738.770406
3 25737.453489
3.02 25736.146067
3.04 25734.84805
3.06 25733.559352
3.08 25732.289012
3.1 25731.018502
3.12 25729.757058
3.14 25728.504595
3.16 25727.261031
3.18 25726.026284
3.2 25724.809227
3.22 25723.591687
3.24 25722.382728
3.26 25721.18227
3.28 25719.990236
3.3 25718.815519
3.32 25717.639923
3.34 25716.472525
3.36 25715.313254
3.38 25714.162035
3.4 25713.018796
3.42 25711.892267
3.44 25710.764596
3.46 25709.644694
3.48 25708.532493
3.5 25707.427923
3.52 25706.330916
3.54 25705.250048
3.56 25704.167795
3.58 25703.092909
3.6 25702.025324
3.62 25700.964976
3.64 25699.920459
3.66 25698.874225
3.68 25697.835041
3.7 25696.802846
3.72 25695.777579
3.74 25694.759179
3.76 25693.756088
3.78 25692.751078
3.8 25691.752761
3.82 25690.761077
3.84 25689.775971
3.86 25688.797385
3.88 25687.833614
3.9 25686.86774
3.92 25685.908221
3.94 25684.955004
3.96 25684.008034
3.98 25683.075624
4 25682.140831
4.02 25681.212131
4.04 25680.289469
4.06 25679.372797
4.08 25678.462064
4.1 25677.565438
4.12 25676.666276
4.14 25675.772906
4.16 25674.885279
4.18 25674.003348
4.2 25673.135296
4.22 25672.264459
4.24 25671.399178
4.26 25670.539407
4.28 25669.685099
4.3 25668.836211
4.32 25668.000789
4.34 25667.162455
4.36 25666.329409
4.38 25665.501608
4.4 25664.679008
4.42 25663.861567
4.44 25663.057199
4.46 25662.249803
4.48 25661.447444
4.5 25660.650079
4.52 25659.857668
4.54 25659.07814
4.56 25658.295374
4.58 25657.517444
4.6 25656.744313
4.62 25655.97594
4.64 25655.212289
4.66 25654.461159
4.68 25653.706696
4.7 25652.956845
4.72 25652.211567
4.74 25651.470827
4.76 25650.734589
4.78 25650.010525
4.8 25649.283046
4.82 25648.559963
4.84 25647.841244
4.86 25647.126853
4.88 25646.424477
4.9 25645.718505
4.92 25645.016762
4.94 25644.319215
4.96 25643.625831
4.98 25642.936578
5 25642.259021
5.02 25641.577801
5.04 25640.900618
5.06 25640.227441
5.08 25639.558239
5.1 25638.89298
5.12 25638.239113
5.14 25637.581523
5.16 25636.927789
5.18 25636.277881
5.2 25635.63177
5.22 25634.996915
5.24 25634.358183
5.26 25633.723163
5.28 25633.091828
5.3 25632.464149
5.32 25631.840098
5.34 25631.227021
5.36 25630.61002
5.38 25629.996569
5.4 25629.386639
5.42 25628.780206
5.44 25628.177241
5.46 25627.584979
5.48 25626.988754
5.5 25626.395922
5.52 25625.80646
5.54 25625.220341
5.56 25624.64481
5.58 25624.065183
5.6 25623.488828
5.62 25622.91572
5.64 25622.345835
5.66 25621.77915
5.68 25621.222801
5.7 25620.662327
5.72 25620.104984
5.74 25619.55075
5.76 25618.999601
5.78 25618.458685
5.8 25617.913524
5.82 25617.371384
5.84 25616.832242
5.86 25616.296077
5.88 25615.762867
5.9 25615.239654
5.92 25614.712176
5.94 25614.187593
5.96 25613.665882
5.98 25613.147023
6 25612.630996
6.02 25612.124738
6.04 25611.614202
6.06 25611.106439
6.08 25610.601429
6.1 25610.099152
6.12 25609.606558
6.14 25609.109581
6.16 25608.615281
6.18 25608.123639
6.2 25607.634638
6.22 25607.148257
6.24 25606.671347
6.26 25606.190046
6.28 25605.711313
6.3 25605.23513
6.32 25604.761479
6.34 32145.263686
6.36 31948.652218
6.38 31759.234603
6.4 31542.473199
6.42 31355.240132
6.44 31175.402254
6.46 31002.104228
6.48 30882.275314
6.5 30758.89058
6.52 30605.138903
6.54 30438.319656
6.56 30283.12512
6.58 30138.428557
6.6 30002.970324
6.62 29875.767646
6.64 29756.31649
6.66 29644.309389
6.68 29539.73507
6.7 29442.518961
6.72 29352.494922
6.74 29269.437858
6.76 29192.949954
6.78 29122.660713
6.8 29037.835072
6.82 28952.968418
6.84 28871.088963
6.86 28792.13254
6.88 28715.904701
6.9 28642.351336
6.92 28571.374928
6.94 28502.881746
6.96 28436.782461
6.98 28373.047172
7 28339.993127
7.02 28320.689044
7.04 28303.890832
7.06 28289.26088
7.08 28276.46208
7.1 28265.228974
7.12 28255.124267
7.14 28245.51897
7.16 28234.986641
7.18 28218.860024
7.2 28185.369746
7.22 28134.993974
7.24 28079.865221
7.26 28024.429677
7.28 27969.856609
7.3 27916.552042
7.32 27864.839054
7.34 27815.744842
7.36 27773.861569
7.38 27730.645027
7.4 27685.64641
7.42 27640.919887
7.44 27597.024185
7.46 27554.361733
7.48 27514.973755
7.5 27496.421959
7.52 27491.762747
7.54 27489.823146
7.56 27488.748833
7.58 27488.014419
7.6 27487.438279
7.62 27486.93281
7.64 27486.411503
7.66 27485.880663
7.68 27485.258838
7.7 27484.437965
7.72 27483.17455
7.74 27480.753676
7.76 27474.376289
7.78 27456.021904
7.8 27426.426202
7.82 27393.914957
7.84 27361.124794
7.86 27328.695265
7.88 27296.851598
7.9 27265.606779
7.92 27235.014881
7.94 27205.080591
7.96 27175.799416
7.98 27166.576629
8 27152.715496
8.02 27146.967138
8.04 27141.439084
8.06 27136.122008
8.08 27131.007001
8.1 27126.112186
8.12 27121.37453
8.14 27116.814627
8.16 27111.753254
8.18 27103.8578
8.2 27099.82105
8.22 27095.959051
8.24 27092.213748
8.26 27088.606014
8.28 27085.130209
8.3 27081.780946
8.32 27078.578407
8.34 27075.465534
8.36 27070.557522
8.38 27047.378672
8.4 27024.665232
8.42 27002.413783
8.44 26980.651975
8.46 26959.358508
8.48 26938.670853
8.5 26919.221518
8.52 26903.313692
8.54 26893.190304
8.56 26884.336017
8.58 26875.674587
8.6 26867.220748
8.62 26858.968074
8.64 26850.910735
8.66 26843.066168
8.68 26835.381849
8.7 26827.87686
8.72 26820.54621
8.74 26813.385063
8.76 26806.388735
8.78 26799.5746
8.8 26792.893313
8.82 26786.363697
8.84 26779.981622
8.86 26773.743089
8.88 26767.644218
8.9 26761.702172
8.92 26755.870406
8.94 26750.1674
8.96 26744.589726
8.98 26739.134059
9 26733.818208
9.02 26728.595947
9.04 26723.48633
9.06 26718.486392
9.08 26713.593194
9.1 26706.30867
9.12 26691.829285
9.14 26677.56443
9.16 26663.530653
9.18 26649.723429
9.2 26636.138314
9.22 26622.790976
9.24 26609.636312
9.26 26596.692542
9.28 26586.525054
9.3 26586.21428
9.32 26575.751351
9.34 26563.638966
9.36 26551.670639
9.38 26539.880713
9.4 26528.268971
9.42 26516.833482
9.44 26514.459739
9.46 26512.772135
9.48 26511.102169
9.5 26509.468324
9.52 26507.869644
9.54 26506.305206
9.56 26504.79282
9.58 26503.293407
9.6 26501.825654
9.62 26500.388746
9.64 26498.981886
9.66 26497.604305
9.68 26496.273248
9.7 26494.951253
9.72 26493.656385
9.74 26492.387963
9.76 26491.14532
9.78 26489.927813
9.8 26488.752137
9.82 26487.582331
9.84 26486.435858
9.86 26483.458552
9.88 26473.581713
9.9 26463.857984
9.92 26454.24965
9.94 26444.772463
9.96 26435.424158
9.98 26426.202515
10 26418.5
10.02 26418.307857
10.04 26414.702904
10.06 26405.935949
10.08 26397.284871
10.1 26388.74774
10.12 26380.322666
10.14 26372.023986
10.16 26363.816872
10.18 26355.716374
10.2 26347.720744
10.22 26339.828265
10.24 26332.053513
10.26 26324.361712
10.28 26316.76813
10.3 26309.271181
10.32 26301.86931
10.34 26294.560993
10.36 26287.360447
10.38 26280.2342
10.4 26273.197122
10.42 26266.247804
10.44 26259.384863
10.46 26252.62271
10.48 26245.927913
10.5 26239.315514
10.52 26232.784232
10.54 26226.332812
10.56 26219.96002
10.58 26213.679905
10.6 26207.460225
10.62 26201.315623
10.64 26195.244958
10.66 26189.247108
10.68 26183.320972
10.7 26177.480247
10.72 26171.693805
10.74 26165.97591
10.76 26160.32554
10.78 26154.741695
10.8 26149.238216
10.82 26143.783993
10.84 26138.393414
10.86 26133.065554
10.88 26127.799502
10.9 26122.594367
10.92 26117.463644
10.94 26112.377256
10.96 26107.34922
10.98 26102.378711
11 26097.464918
11.02 26092.607049
11.04 26087.818266
11.06 26083.069467
11.08 26078.374312
11.1 26073.732067
11.12 26069.142012
11.14 26064.617423
11.16 26060.129207
11.18 26055.691123
11.2 26051.302506
11.22 26046.962711
11.24 26042.671104
11.26 26038.440637
11.28 26034.243137
11.3 26030.09202
11.32 26025.986706
11.34 26021.926636
11.36 26017.91126
11.38 26013.953231
11.4 26010.025259
11.42 26006.140439
11.44 26002.298286
11.46 25998.498331
11.48 25994.753328
11.5 25991.036038
11.52 25987.359651
11.54 25983.723774
11.56 25980.128032
11.58 25976.572071
11.6 25973.068397
11.62 25969.590663
11.64 25966.15181
11.66 25962.751591
11.68 25959.389792
11.7 25956.066233
11.72 25952.793247
11.74 25949.545442
11.76 25946.335606
11.78 25943.163746
11.8 25940.029935
11.82 25936.94677
11.84 25933.889216
11.86 25930.870395
11.88 25927.890726
11.9 25924.950751
11.92 25922.051151
11.94 25919.204841
11.96 25916.3884
11.98 25913.615485
12 25910.887612
12.02 25908.206599
12.04 25905.57461
12.06 25903.005853
12.08 25900.479782
12.1 25898.011887
12.12 25895.606281
12.14 25893.267692
12.16 25891.012838
12.18 25888.824675
12.2 25886.721293
12.22 25884.709434
12.24 25882.795816
12.26 25880.9867
12.28 25879.297907
12.3 25877.711835
12.32 25876.240853
12.34 25874.884149
12.36 25873.638397
12.38 25872.507768
12.4 25871.465211
12.42 25870.511881
12.44 25869.6384
12.46 25868.83527
12.48 25868.09324
12.5 25867.412745
12.52 25866.767487
12.54 25866.159155
12.56 25865.581058
12.58 25865.02709
12.6 25864.491675
12.62 25863.978578
12.64 25863.465258
12.66 25862.955839
12.68 25862.445808
12.7 25861.930642
12.72 25861.414469
12.74 25860.875208
12.76 25860.316333
12.78 25859.732392
12.8 25859.117503
12.82 25858.465229
12.84 25857.77748
12.86 25857.028877
12.88 25856.219813
12.9 25855.34117
12.92 25854.382954
12.94 25853.333962
12.96 25852.190763
12.98 25850.9195
13 25849.513348
13.02 25847.960293
13.04 25846.26262
13.06 25844.453124
13.08 25842.545613
13.1 25840.583271
13.12 25838.590447
13.14 25836.583193
13.16 25834.571665
13.18 25832.572681
13.2 25830.569307
13.22 25828.574859
13.24 25826.59112
13.26 25824.619289
13.28 25822.660184
13.3 25820.724578
13.32 25818.792176
13.34 25816.873684
13.36 25814.96926
13.38 25813.078994
13.4 25811.213172
13.42 25809.351069
13.44 25807.503146
13.46 25805.669357
13.48 25803.849638
13.5 25802.043914
13.52 25800.262131
13.54 25798.483897
13.56 25796.719381
13.58 25794.968479
13.6 25793.231081
13.62 25791.507077
13.64 25789.80618
13.66 25788.108398
13.68 25786.42367
13.7 25784.751879
13.72 25783.092911
13.74 25781.456493
13.76 25779.822594
13.78 25778.201171
13.8 25776.592106
13.82 25774.995285
