2.5 25835.324701
2.52 25833.495824
2.54 25831.662634
2.56 25829.837134
2.58 25828.020699
2.6 25826.214273
2.62 25824.42816
2.64 25822.643312
2.66 25820.8699
2.68 25819.108139
2.7 25817.35817
2.72 25815.620081
2.74 25813.903383
2.76 25812.188954
2.78 25810.486459
2.8 25808.795872
2.82 25807.117151
2.84 25805.450245
2.86 25803.804377
2.88 25802.16071
2.9 25800.528658
2.92 25798.908143
2.94 25797.299084
2.96 25795.710701
2.98 25794.124105
3 25792.548711
3.02 25790.98443
3.04 25789.431174
3.06 25787.888852
3.08 25786.366501
3.1 25784.845586
3.12 25783.335337
3.14 25781.835665
3.16 25780.346478
3.18 25778.867687
3.2 25777.408157
3.22 25775.949705
3.24 25774.501386
3.26 25773.063111
3.28 25771.634793
3.3 25770.225316
3.32 25768.816471
3.34 25767.417328
3.36 25766.027802
3.38 25764.64781
3.4 25763.277269
3.42 25761.924901
3.44 25760.572837
3.46 25759.229981
3.48 25757.896253
3.5 25756.571575
3.52 25755.255866
3.54 25753.957694
3.56 25752.659519
3.58 25751.370086
3.6 25750.089318
3.62 25748.81714
3.64 25747.562138
3.66 25746.306749
3.68 25745.059731
3.7 25743.821015
3.72 25742.590527
3.74 25741.368198
3.76 25740.16246
3.78 25738.956072
3.8 25737.757637
3.82 25736.567088
3.84 25735.384356
3.86 25734.209376
3.88 25733.050435
3.9 25731.8906
3.92 25730.738322
3.94 25729.593539
3.96 25728.456188
3.98 25727.334573
4 25726.211737
4.02 25725.096149
4.04 25723.987747
4.06 25722.886473
4.08 25721.792266
4.1 25720.713289
4.12 25719.632884
4.14 25718.559375
4.16 25717.492702
4.18 25716.43281
4.2 25715.387879
4.22 25714.341227
4.24 25713.301191
4.26 25712.267718
4.28 25711.240753
4.3 25710.220243
4.32 25709.214231
4.34 25708.206323
4.36 25707.204715
4.38 25706.209356
4.4 25705.220196
4.42 25704.237183
4.44 25703.268228
4.46 25702.297216
4.48 25701.332207
4.5 25700.373152
4.52 25699.420003
4.54 25698.480684
4.56 25697.53906
4.58 25696.603204
4.6 25695.67307
4.62 25694.748611
4.64 25693.829782
4.66 25692.924379
4.68 25692.016537
4.7 25691.114195
4.72 25690.217309
4.74 25689.325836
4.76 25688.439734
4.78 25687.566672
4.8 25686.691047
4.82 25685.82067
4.84 25684.955498
4.86 25684.095492
4.88 25683.248335
4.9 25682.398403
4.92 25681.553519
4.94 25680.713644
4.96 25679.878739
4.98 25679.048765
5 25678.231284
5.02 25677.410926
5.04 25676.595389
5.06 25675.784635
5.08 25674.978627
5.1 25674.17733
5.12 25673.388186
5.14 25672.596072
5.16 25671.808564
5.18 25671.025626
5.2 25670.247223
5.22 25669.480812
5.24 25668.71125
5.26 25667.946122
5.28 25667.185397
5.3 25666.42904
5.32 25665.67702
5.34 25664.936677
5.36 25664.193106
5.38 25663.453776
5.4 25662.718655
5.42 25661.987713
5.44 25661.260918
5.46 25660.5455
5.48 25659.826785
5.5 25659.112127
5.52 25658.401496
5.54 25657.694863
5.56 25656.99947
5.58 25656.300623
5.6 25655.605688
5.62 25654.914637
5.64 25654.22744
5.66 25653.54407
5.68 25652.87166
5.7 25652.195742
5.72 25651.523569
5.74 25650.855114
5.76 25650.19035
5.78 25649.536423
5.8 25648.878845
5.82 25648.224881
5.84 25647.574504
5.86 25646.927689
5.88 25646.28441
5.9 25645.651707
5.92 25645.015311
5.94 25644.382377
5.96 25643.75288
5.98 25643.126797
6 25642.504104
6.02 25641.891736
6.04 25641.275637
6.06 25640.662856
6.08 25640.053372
6.1 25639.447159
6.12 25638.851168
6.14 25638.251321
6.16 25637.654679
6.18 25637.061221
6.2 25636.470923
6.22 25635.883764
6.24 25635.306592
6.26 25634.725536
6.28 25634.147556
6.3 25633.572629
6.32 25633.000735
6.34 32664.250949
6.36 32431.580935
6.38 32149.552972
6.4 31884.318517
6.42 31635.157057
6.44 31401.244838
6.46 31181.880793
6.48 30976.438274
6.5 30882.153043
6.52 30882.175356
6.54 30882.155239
6.56 30882.139741
6.58 30882.124318
6.6 30882.110426
6.62 30882.092536
6.64 30880.681963
6.66 30728.296875
6.68 30584.005836
6.7 30447.379988
6.72 30317.885576
6.74 30194.852343
6.76 30077.678536
6.78 29965.569148
6.8 29857.705625
6.82 29753.302346
6.84 29651.721508
6.86 29552.595408
6.88 29455.665389
6.9 29360.955677
6.92 29268.511877
6.94 29178.389511
6.96 29090.628764
6.98 29005.288423
7 28922.290747
7.02 28841.678045
7.04 28763.467917
7.06 28687.777305
7.08 28615.465059
7.1 28551.973849
7.12 28488.151382
7.14 28422.359265
7.16 28357.961409
7.18 28298.61648
7.2 28260.376213
7.22 28244.937341
7.24 28237.402629
7.26 28232.583841
7.28 28229.040166
7.3 28226.224717
7.32 28223.846103
7.34 28221.724803
7.36 28189.131095
7.38 28143.867559
7.4 28099.971312
7.42 28057.433144
7.44 28016.138825
7.46 27976.082806
7.48 27937.224188
7.5 27899.523508
7.52 27862.94282
7.54 27827.479328
7.56 27813.324378
7.58 27810.478866
7.6 27803.509232
7.62 27780.805718
7.64 27741.126063
7.66 27700.052989
7.68 27659.743986
7.7 27620.501643
7.72 27582.571985
7.74 27546.575683
7.76 27514.743412
7.78 27486.347113
7.8 27452.321315
7.82 27426.368129
7.84 27403.458174
7.86 27381.18992
7.88 27359.569874
7.9 27338.520321
7.92 27318.052315
7.94 27298.147554
7.96 27278.788363
7.98 27259.985897
8 27241.665395
8.02 27223.841031
8.04 27206.497401
8.06 27189.619618
8.08 27173.193297
8.1 27157.231166
8.12 27141.664884
8.14 27126.509858
8.16 27119.828463
8.18 27115.55278
8.2 27111.434315
8.22 27107.491767
8.24 27103.667058
8.26 27099.981038
8.28 27096.428048
8.3 27093.002679
8.32 27089.725093
8.34 27086.538212
8.36 27076.523686
8.38 27069.570731
8.4 27066.779968
8.42 27064.088091
8.44 27061.515183
8.46 27059.008046
8.48 27056.588514
8.5 27054.25313
8.52 27051.998588
8.54 27049.821719
8.56 27047.742347
8.58 27045.710606
8.6 27043.747876
8.62 27041.851494
8.64 27040.01891
8.66 27038.270664
8.68 27036.557234
8.7 27034.900619
8.72 27033.29867
8.74 27014.490987
8.76 26994.802204
8.78 26975.510468
8.8 26956.596626
8.82 26938.177929
8.84 26920.739467
8.86 26906.217527
8.88 26892.649586
8.9 26877.729781
8.92 26862.02427
8.94 26846.055137
8.96 26830.065978
8.98 26814.175142
9 26798.464136
9.02 26782.922244
9.04 26767.589066
9.06 26752.473956
9.08 26737.581505
9.1 26722.913486
9.12 26708.491079
9.14 26699.550116
9.16 26695.055408
9.18 26690.655618
9.2 26686.347454
9.22 26682.148716
9.24 26678.015743
9.26 26673.967524
9.28 26670.001932
9.3 26666.116902
9.32 26662.31043
9.34 26658.599964
9.36 26654.943951
9.38 26651.360854
9.4 26647.848886
9.42 26644.406312
9.44 26641.031448
9.46 26637.741278
9.48 26634.496143
9.5 26631.313968
9.52 26628.193243
9.54 26625.132506
9.56 26622.149035
9.58 26619.203226
9.6 26616.313232
9.62 26613.444374
9.64 26601.756383
9.66 26590.224216
9.68 26586.493413
9.7 26583.280791
9.72 26572.35363
9.74 26561.458349
9.76 26550.704001
9.78 26540.095871
9.8 26529.650638
9.82 26519.331181
9.84 26509.153401
9.86 26499.115045
9.88 26489.213849
9.9 26483.148296
9.92 26482.088867
9.94 26481.050122
9.96 26480.031535
9.98 26479.032623
10 26478.052912
10.02 26477.108726
10.04 26476.165408
10.06 26475.239982
10.08 26474.33203
10.1 26473.441143
10.12 26472.566925
10.14 26471.725186
10.16 26470.882535
10.18 26470.055444
10.2 26469.243561
10.22 26468.446536
10.24 26467.680296
10.26 26466.91138
10.28 26466.156358
10.3 26465.414916
10.32 26461.424747
10.34 26452.728472
10.36 26444.156191
10.38 26435.674292
10.4 26427.297357
10.42 26419.023734
10.44 26414.977994
10.46 26414.871835
10.48 26409.366116
10.5 26401.461551
10.52 26393.65227
10.54 26385.936819
10.56 26378.313772
10.58 26370.796984
10.6 26363.354016
10.62 26355.999329
10.64 26348.731595
10.66 26341.549507
10.68 26334.451784
10.7 26327.451945
10.72 26320.518677
10.74 26313.666075
10.76 26306.892946
10.78 26300.198117
10.8 26293.595271
10.82 26287.053109
10.84 26280.58587
10.86 26274.192462
10.88 26267.871816
10.9 26261.62288
10.92 26255.458998
10.94 26249.349917
10.96 26243.309511
10.98 26237.336798
11 26231.430817
11.02 26225.59062
11.04 26219.829229
11.06 26214.117368
11.08 26208.46856
11.1 26202.88192
11.12 26197.356582
11.14 26191.905688
11.16 26186.49996
11.18 26181.153028
11.2 26175.864081
11.22 26170.632325
11.24 26165.456976
11.26 26160.350858
11.28 26155.285603
11.3 26150.274498
11.32 26145.316813
11.34 26140.411832
11.36 26135.55885
11.38 26130.770383
11.4 26126.018924
11.42 26121.317432
11.44 26116.66525
11.46 26112.061733
11.48 26107.51949
11.5 26103.011012
11.52 26098.549337
11.54 26094.133865
11.56 26089.764006
11.58 26085.439179
11.6 26081.171694
11.62 26076.934848
11.64 26072.741362
11.66 26068.590697
11.68 26064.482322
11.7 26060.415717
11.72 26056.402905
11.74 26052.417949
11.76 26048.473268
11.78 26044.568378
11.8 26040.702807
11.82 26036.888655
11.84 26033.099982
11.86 26029.349275
11.88 26025.636098
11.9 26021.960026
11.92 26018.320645
11.94 26014.729781
11.96 26011.16223
11.98 26007.630192
12 26004.13329
12.02 26000.671162
12.04 25997.243455
12.06 25993.861741
12.08 25990.501533
12.1 25987.174763
12.12 25983.881126
12.14 25980.620333
12.16 25977.404035
12.18 25974.207787
12.2 25971.043603
12.22 25967.911251
12.24 25964.810522
12.26 25961.741223
12.28 25958.714804
12.3 25955.707569
12.32 25952.731332
12.34 25949.785998
12.36 25946.871503
12.38 25943.999437
12.4 25941.146275
12.42 25938.323992
12.44 25935.532691
12.46 25932.772524
12.48 25930.04371
12.5 25927.357832
12.52 25924.692382
12.54 25922.059408
12.56 25919.459474
12.58 25916.893271
12.6 25914.361627
12.62 25911.876497
12.64 25909.416873
12.66 25906.995389
12.68 25904.613694
12.7 25902.273724
12.72 25899.988575
12.74 25897.738968
12.76 25895.539042
12.78 25893.392288
12.8 25891.302673
12.82 25889.274634
12.84 25887.323353
12.86 25885.433244
12.88 25883.620288
12.9 25881.889896
12.92 25880.247141
12.94 25878.696352
12.96 25877.2503
12.98 25875.891317
13 25874.629001
13.02 25873.461266
13.04 25872.384219
13.06 25871.401329
13.08 25870.488069
13.1 25869.64607
13.12 25868.867641
13.14 25868.145101
13.16 25867.471048
13.18 25866.846916
13.2 25866.249395
13.22 25865.68084
13.24 25865.135711
13.26 25864.608908
13.28 25864.095669
13.3 25863.599763
13.32 25863.100521
13.34 25862.60189
13.36 25862.099721
13.38 25861.589835
13.4 25861.076026
13.42 25860.537683
13.44 25859.977978
13.46 25859.391783
13.48 25858.773567
13.5 25858.117383
13.52 25857.425112
13.54 25856.673283
13.56 25855.862584
13.58 25854.984874
13.6 25854.031145
13.62 25852.991156
13.64 25851.861803
13.66 25850.612039
13.68 25849.238311
13.7 25847.736402
13.72 25846.117646
13.74 25844.417162
13.76 25842.645064
13.78 25840.835382
13.8 25839.005284
13.82 25837.165993
