2.5 26823.936761
2.52 26821.724385
2.54 26819.519418
2.56 26817.331565
2.58 26815.160651
2.6 26813.006497
2.62 26810.877636
2.64 26804.528597
2.66 26798.133685
2.68 26791.783061
2.7 26785.476393
2.72 26779.213332
2.74 26773.002938
2.76 26766.825809
2.78 26760.691221
2.8 26754.598816
2.82 26748.548232
2.84 26742.539113
2.86 26736.580329
2.88 26730.652857
2.9 26724.765794
2.92 26718.919275
2.94 26717.184196
2.96 26715.613769
2.98 26711.239444
3 26705.549447
3.02 26699.896846
3.04 26694.281518
3.06 26688.703214
3.08 26683.170804
3.1 26677.665553
3.12 26672.196521
3.14 26666.763438
3.16 26661.366031
3.18 26656.004037
3.2 26650.686172
3.22 26645.394285
3.24 26642.172056
3.26 26641.00799
3.28 26639.852699
3.3 26638.714854
3.32 26637.5762
3.34 26636.445822
3.36 26635.323639
3.38 26634.209573
3.4 26633.103547
3.42 26632.014299
3.44 26630.923946
3.46 26629.84141
3.48 26628.76662
3.5 26627.699502
3.52 26626.639987
3.54 26625.596655
3.56 26624.551955
3.58 26623.514651
3.6 26622.484672
3.62 26621.46195
3.64 26620.455086
3.66 26619.446486
3.68 26617.02189
3.7 26612.116522
3.72 26607.242044
3.74 26602.398277
3.76 26597.593562
3.78 26592.811081
3.8 26588.066203
3.82 26586.524925
3.84 26586.362101
3.86 26582.874398
3.88 26578.271571
3.9 26573.661409
3.92 26569.073896
3.94 26565.577317
3.96 26564.848343
3.98 26564.133314
4 26563.414749
4.02 26562.701113
4.04 26561.992354
4.06 26561.288426
4.08 26560.589285
4.1 26559.903119
4.12 26559.213264
4.14 26558.528071
4.16 26557.847498
4.18 26557.171505
4.2 26556.508299
4.22 26555.841189
4.24 26555.178541
4.26 26554.520317
4.28 26553.866476
4.3 26553.216982
4.32 26552.579898
4.34 26551.93882
4.36 26551.301932
4.38 26548.276928
4.4 26543.980259
4.42 26539.708707
4.44 26535.470041
4.46 26531.248028
4.48 26527.050585
4.5 26522.877527
4.52 26518.728674
4.54 26514.611913
4.56 26513.623353
4.58 26513.163621
4.6 26509.66736
4.62 26505.628016
4.64 26501.611693
4.66 26497.626135
4.68 26493.655351
4.7 26489.707183
4.72 26485.781555
4.74 26483.006886
4.76 26482.686099
4.78 26482.375465
4.8 26482.059073
4.82 26481.744746
4.84 26481.432462
4.86 26481.1222
4.88 26480.821678
4.9 26480.51527
4.92 26480.210834
4.94 26479.908353
4.96 26479.607811
4.98 26479.309191
5 26479.020088
5.02 26478.725129
5.04 26478.432046
5.06 26478.140823
5.08 26477.851443
5.1 26477.563889
5.12 26477.28563
5.14 26477.00135
5.16 26473.533292
5.18 26469.818369
5.2 26466.123691
5.22 26462.456611
5.24 26458.801875
5.26 26455.167168
5.28 26454.753143
5.3 26454.563615
5.32 26451.233222
5.34 26447.67436
5.36 26444.127087
5.38 26440.598862
5.4 26437.317318
5.42 26437.201165
5.44 26437.087511
5.46 26436.981896
5.48 26436.869618
5.5 26436.758063
5.52 26436.647222
5.54 26436.537088
5.56 26436.434939
5.58 26436.326077
5.6 26436.217907
5.62 26436.110421
5.64 26436.003613
5.66 26435.89748
5.68 26435.799185
5.7 26435.694259
5.72 26435.589991
5.74 26435.486373
5.76 26435.383399
5.78 26435.288237
5.8 26434.164761
5.82 26430.793645
5.84 26427.439898
5.86 26424.10347
5.88 26423.104496
5.9 26423.057663
5.92 26420.741305
5.94 26417.463728
5.96 26414.203027
5.98 26414.04199
6 26414.022902
6.02 26414.010928
6.04 26413.992007
6.06 26413.973222
6.08 26413.954574
6.1 26413.936059
6.12 26413.924662
6.14 26413.9063
6.16 26413.88807
6.18 26413.86997
6.2 26413.852001
6.22 26413.83416
6.24 26413.823327
6.26 26413.805628
6.28 26413.788055
6.3 26413.770607
6.32 26413.753283
6.44 39609.842941
6.46 39335.947602
6.48 38922.61689
6.5 38527.380829
6.52 38502.5979
6.54 38168.994412
6.56 37821.528024
6.58 37702.667258
6.6 37501.318127
6.62 37220.92345
6.64 36948.843743
6.66 36720.106608
6.68 36470.177112
6.7 36220.886289
6.72 35978.67584
6.74 35741.829339
6.76 35494.793546
6.78 35258.867854
6.8 35036.144107
6.82 34823.935674
6.84 34607.377758
6.86 34398.01612
6.88 34231.742103
6.9 34044.652119
6.92 33862.459879
6.94 33685.246635
6.96 33512.870136
6.98 33345.223385
7 33182.101323
7.02 33023.413995
7.04 32869.048298
7.06 32719.017887
7.08 32607.180926
7.1 32466.282229
7.12 32327.595992
7.14 32208.46932
7.16 32112.00645
7.18 32019.450643
7.2 31930.620055
7.22 31845.345329
7.24 31763.472671
7.26 31684.856038
7.28 31609.356163
7.3 31536.840228
7.32 31467.173611
7.34 31400.256316
7.36 31335.960021
7.38 31274.172191
7.4 31214.784401
7.42 31157.684022
7.44 31102.781387
7.46 31043.772354
7.48 30954.529232
7.5 30882.110677
7.52 30882.082553
7.54 30855.366819
7.56 30775.255102
7.58 30687.349167
7.6 30601.812658
7.62 30519.046223
7.64 30439.91239
7.66 30365.832697
7.68 30292.473934
7.7 30216.087987
7.72 30140.435478
7.74 30066.40868
7.76 29994.629577
7.78 29929.012133
7.8 29894.840634
7.82 29876.967165
7.84 29861.382139
7.86 29846.842599
7.88 29794.239919
7.9 29739.999407
7.92 29687.122218
7.94 29635.56754
7.96 29585.295944
7.98 29536.297577
8 29488.477386
8.02 29448.943957
8.04 29414.229268
8.06 29369.70013
8.08 29326.245611
8.1 29283.86136
8.12 29242.462446
8.14 29202.048168
8.16 29162.590416
8.18 29134.343912
8.2 29131.889539
8.22 29127.429697
8.24 29113.234087
8.26 29077.539611
8.28 29045.634275
8.3 29004.730295
8.32 28959.223048
8.34 28913.72461
8.36 28868.987195
8.38 28825.823991
8.4 28792.265427
8.42 28779.945081
8.44 28775.568398
8.46 28773.336911
8.48 28771.858973
8.5 28756.380581
8.52 28722.953462
8.54 28690.160801
8.56 28658.013191
8.58 28626.449574
8.6 28595.480243
8.62 28565.091845
8.64 28535.284823
8.66 28532.695614
8.68 28531.941857
8.7 28530.882469
8.72 28528.998622
8.74 28524.08207
8.76 28503.643761
8.78 28469.705445
8.8 28435.348128
8.82 28401.474217
8.84 28368.242061
8.86 28335.791419
8.88 28304.380515
8.9 28274.623899
8.92 28247.421248
8.94 28219.671598
8.96 28189.778257
8.98 28159.773152
9 28130.107064
9.02 28100.832086
9.04 28072.001363
9.06 28054.953842
9.08 28040.179858
9.1 28025.684355
9.12 28011.480926
9.14 27997.522013
9.16 27983.822575
9.18 27970.376617
9.2 27957.178308
9.22 27944.2422
9.24 27931.521391
9.26 27919.031694
9.28 27906.767878
9.3 27894.724851
9.32 27882.897657
9.34 27871.300867
9.36 27859.890126
9.38 27848.681175
9.4 27837.669611
9.42 27826.851337
9.44 27816.225885
9.46 27811.532505
9.48 27806.95742
9.5 27795.841433
9.52 27775.737968
9.54 27764.937394
9.56 27749.268951
9.58 27739.88217
9.6 27730.653677
9.62 27721.580125
9.64 27712.658247
9.66 27703.884863
9.68 27695.274864
9.7 27686.788488
9.72 27678.441554
9.74 27670.231185
9.76 27662.154572
9.78 27654.208977
9.8 27646.409052
9.82 27638.716824
9.84 27631.147807
9.86 27623.699513
9.88 27616.369508
9.9 27609.172808
9.92 27602.071576
9.94 27595.081547
9.96 27588.199753
9.98 27580.122229
10 27569.913674
10.02 27556.88144
10.04 27545.488636
10.06 27527.845677
10.08 27510.563025
10.1 27497.509848
10.12 27492.469935
10.14 27490.141779
10.16 27480.358324
10.18 27470.020453
10.2 27459.817724
10.22 27449.751154
10.24 27439.835327
10.26 27430.035052
10.28 27420.365076
10.3 27410.823263
10.32 27401.407497
10.34 27392.115697
10.36 27382.961534
10.38 27373.910988
10.4 27364.978405
10.42 27356.161855
10.44 27347.459453
10.46 27338.885129
10.48 27330.404992
10.5 27322.033738
10.52 27313.770221
10.54 27305.703
10.56 27302.312811
10.58 27299.093304
10.6 27295.904307
10.62 27292.760257
10.64 27285.207818
10.66 27281.334899
10.68 27274.888098
10.7 27271.963803
10.72 27269.064922
10.74 27266.20604
10.76 27263.386455
10.78 27260.60548
10.8 27257.877279
10.82 27255.171019
10.84 27252.501408
10.86 27249.867815
10.88 27247.269622
10.9 27244.706225
10.92 27242.191411
10.94 27239.695356
10.96 27237.232364
10.98 27234.801879
11 27232.403355
11.02 27230.036257
11.04 27223.885648
11.06 27211.127993
11.08 27198.501077
11.1 27186.003521
11.12 27173.633906
11.14 27161.40462
11.16 27149.286077
11.18 27137.384459
11.2 27135.934746
11.22 27129.947733
11.24 27128.55195
11.26 27127.188063
11.28 27125.827897
11.3 27124.485186
11.32 27123.159641
11.34 27121.85098
11.36 27120.558927
11.38 27119.296428
11.4 27118.036375
11.42 27116.792146
11.44 27115.563485
11.46 27114.350143
11.48 27113.165128
11.5 27111.981284
11.52 27110.812039
11.54 27109.657149
11.56 27105.682327
11.58 27104.564909
11.6 27095.979357
11.62 27085.312792
11.64 27074.756905
11.66 27064.312243
11.68 27053.980083
11.7 27050.689032
11.72 27050.079758
11.74 27049.465225
11.76 27048.858196
11.78 27048.258542
11.8 27047.666133
11.82 27047.09341
11.84 27046.51462
11.86 27045.941855
11.88 27043.895147
11.9 27040.940374
11.92 27040.399338
11.94 27039.878392
11.96 27039.351345
11.98 27038.830605
12 27038.316045
12.02 27035.295404
12.04 27034.800617
12.06 27029.380009
12.08 27019.952021
12.1 27010.640395
12.12 27003.982696
12.14 27003.760531
12.16 27003.553075
12.18 27003.335949
12.2 27003.121431
12.22 27002.909478
12.24 27002.700051
12.26 27002.493111
12.28 27002.300302
12.3 27002.097899
12.32 27001.897876
12.34 27001.700197
12.36 27001.504825
12.38 27001.32344
12.4 27001.132263
12.42 27000.943293
12.44 26997.327929
12.46 26997.151486
12.48 26995.474341
12.5 26995.320045
12.52 26995.155974
12.54 26994.993839
12.56 26994.833609
12.58 26994.675256
12.6 26994.518751
12.62 26994.375227
12.64 26994.222041
12.66 26993.151454
12.68 26989.507246
12.7 26985.895717
12.72 26982.328164
12.74 26982.226368
12.76 26982.190786
12.78 26982.15561
12.8 26982.120829
12.82 26978.871114
12.84 26978.854991
12.86 26977.38688
12.88 26977.365052
12.9 26977.343541
12.92 26977.322342
12.94 26977.301448
12.96 26977.291537
12.98 26977.27097
13 26977.250699
13.02 26977.230719
13.04 26977.211024
13.06 26977.202318
13.08 26977.182914
13.1 26977.163785
13.12 26977.144928
13.14 26977.126339
13.16 26973.894226
13.18 26965.970669
13.2 26958.104338
13.22 26950.309399
13.24 26942.593512
13.26 26934.974948
13.28 26927.505449
13.3 26920.377378
13.32 26914.075841
13.34 26908.398016
13.36 26902.454713
13.38 26896.13241
13.4 26889.562467
13.42 26882.830169
13.44 26876.015221
13.46 26869.65655
13.48 26867.066546
13.5 26864.501491
13.52 26861.967444
13.54 26859.443746
13.56 26856.940447
13.58 26854.457326
13.6 26851.99417
13.62 26849.550769
13.64 26847.136754
13.66 26844.73202
13.68 26842.346435
13.7 26839.979804
13.72 26837.631931
13.74 26835.312483
13.76 26833.001324
13.78 26830.708357
13.8 26828.433396
13.82 26826.176257
