2.5 26971.839433
2.52 26964.5852
2.54 26957.378299
2.56 26950.231434
2.58 26943.150309
2.6 26936.147679
2.62 26929.265999
2.64 26922.589543
2.66 26916.465025
2.68 26911.109504
2.7 26905.766369
2.72 26900.088475
2.74 26894.146068
2.76 26888.019628
2.78 26881.790846
2.8 26875.506395
2.82 26869.19614
2.84 26862.879531
2.86 26856.579078
2.88 26852.19511
2.9 26849.943452
2.92 26847.708867
2.94 26845.490822
2.96 26843.298434
2.98 26841.112703
3 26838.94299
3.02 26836.789142
3.04 26834.651008
3.06 26832.528439
3.08 26830.430424
3.1 26828.338348
3.12 26826.261403
3.14 26824.199446
3.16 26822.152338
3.18 26820.119939
3.2 26818.111076
3.22 26816.107496
3.24 26814.11822
3.26 26812.143117
3.28 26810.182055
3.3 26808.243884
3.32 26806.310325
3.34 26804.390419
3.36 26802.484024
3.38 26799.840037
3.4 26794.001625
3.42 26788.208944
3.44 26782.444132
3.46 26776.715887
3.48 26771.023946
3.5 26765.368039
3.52 26759.747896
3.54 26754.171846
3.56 26748.622228
3.58 26743.107558
3.6 26737.627562
3.62 26732.181969
3.64 26726.779137
3.66 26721.401379
3.68 26717.645464
3.7 26716.201495
3.72 26713.071518
3.74 26707.824821
3.76 26702.618357
3.78 26697.434975
3.8 26692.283168
3.82 26687.162726
3.84 26682.073435
3.86 26677.015079
3.88 26671.995801
3.9 26666.998501
3.92 26662.031494
3.94 26657.094581
3.96 26652.187667
3.98 26648.569256
4 26647.476025
4.02 26646.390536
4.04 26645.312347
4.06 26644.241364
4.08 26643.177519
4.1 26642.128978
4.12 26641.079057
4.14 26640.036088
4.16 26639.000009
4.18 26637.970761
4.2 26636.956534
4.22 26635.940616
4.24 26634.931358
4.26 26633.928703
4.28 26632.932592
4.3 26631.942972
4.32 26630.967891
4.34 26629.990932
4.36 26629.020299
4.38 26628.055937
4.4 26627.097785
4.42 26626.145644
4.44 26622.024104
4.46 26617.473345
4.48 26612.948997
4.5 26608.450881
4.52 26603.978828
4.54 26599.540659
4.56 26595.120312
4.58 26590.726701
4.6 26586.596589
4.62 26586.481788
4.64 26584.732234
4.66 26580.522925
4.68 26576.266207
4.7 26575.460455
4.72 26574.750951
4.74 26574.045991
4.76 26573.345485
4.78 26572.657105
4.8 26571.96523
4.82 26571.277685
4.84 26570.594435
4.86 26569.915443
4.88 26569.248411
4.9 26568.577694
4.92 26567.911134
4.94 26567.248698
4.96 26566.590353
4.98 26565.936064
5 26565.293409
5.02 26564.646999
5.04 26564.00455
5.06 26563.366029
5.08 26562.731399
5.1 26562.10061
5.12 26559.982076
5.14 26555.942907
5.16 26551.925739
5.18 26547.930441
5.2 26543.956863
5.22 26540.012341
5.24 26536.081614
5.26 26532.172158
5.28 26528.283831
5.3 26525.592521
5.32 26525.121382
5.34 26523.554686
5.36 26519.740593
5.38 26515.946515
5.4 26512.172616
5.42 26508.418784
5.44 26504.684891
5.46 26500.978088
5.48 26497.283685
5.5 26494.975461
5.52 26494.632803
5.54 26494.292419
5.56 26493.96138
5.58 26493.62496
5.6 26493.290549
5.62 26492.958128
5.64 26492.627682
5.66 26492.299193
5.68 26491.97982
5.7 26491.655081
5.72 26491.332256
5.74 26491.01133
5.76 26490.692289
5.78 26490.382301
5.8 26490.066865
5.82 26489.753271
5.84 26489.441503
5.86 26489.131547
5.88 26488.823384
5.9 26488.523909
5.92 26485.271304
5.94 26481.763853
5.96 26478.274286
5.98 26474.802488
6 26471.348342
6.02 26467.918703
6.04 26465.907068
6.06 26465.691056
6.08 26464.16118
6.1 26460.784787
6.12 26457.432156
6.14 26454.089266
6.16 26450.763149
6.18 26447.458932
6.2 26447.24613
6.22 26447.103306
6.24 26446.968237
6.26 26446.827012
6.28 26446.686612
6.3 26446.547028
6.32 26446.408254
6.54 38769.952353
6.56 38432.868472
6.58 38103.371269
6.6 37785.426994
6.62 37707.000343
6.64 37701.188197
6.66 37434.777834
6.68 37174.940726
6.7 36923.025499
6.72 36795.088876
6.74 36679.425624
6.76 36418.915771
6.78 36168.854349
6.8 35928.794648
6.82 35698.307325
6.84 35624.50113
6.86 35619.353083
6.88 35415.905598
6.9 35217.598731
6.92 35026.937975
6.94 34843.598636
6.96 34667.262006
6.98 34497.541408
7 34334.302362
7.02 34226.842816
7.04 34052.737092
7.06 33885.111948
7.08 33735.690699
7.1 33586.343159
7.12 33432.850003
7.14 33280.900284
7.16 33132.148928
7.18 32986.955511
7.2 32845.539479
7.22 32709.553523
7.24 32589.657712
7.26 32458.515719
7.28 32331.201375
7.3 32207.585939
7.32 32096.673481
7.34 31980.031654
7.36 31866.73087
7.38 31756.661937
7.4 31649.71972
7.42 31545.836725
7.44 31444.844134
7.46 31346.683553
7.48 31251.262723
7.5 31158.492302
7.52 31068.285954
7.54 30980.592144
7.56 30895.26514
7.58 30825.184979
7.6 30744.32805
7.62 30696.092906
7.64 30658.724583
7.66 30622.793626
7.68 30588.228963
7.7 30554.958589
7.72 30522.918615
7.74 30492.048007
7.76 30462.3012
7.78 30433.565871
7.8 30405.762151
7.82 30378.6622
7.84 30342.709227
7.86 30276.536669
7.88 30211.838601
7.9 30148.520676
7.92 30086.511526
7.94 30022.235126
7.96 29963.275988
7.98 29903.709028
8 29840.999916
8.02 29781.445473
8.04 29741.883065
8.06 29688.623491
8.08 29636.479888
8.1 29585.452736
8.12 29535.460013
8.14 29486.503811
8.16 29438.560742
8.18 29418.418105
8.2 29413.930718
8.22 29412.279715
8.24 29411.103392
8.26 29410.088561
8.28 29409.142858
8.3 29405.702049
8.32 29372.590743
8.34 29333.599815
8.36 29295.459583
8.38 29258.147503
8.4 29221.641715
8.42 29185.921025
8.44 29150.988919
8.46 29116.776045
8.48 29083.288547
8.5 29050.507624
8.52 29018.414842
8.54 28986.992873
8.56 28956.247319
8.58 28926.114558
8.6 28896.602589
8.62 28867.695726
8.64 28839.378739
8.66 28811.659828
8.68 28784.477452
8.7 28766.910196
8.72 28740.753958
8.74 28715.118445
8.76 28689.990868
8.78 28665.380716
8.8 28641.230972
8.82 28617.552989
8.84 28594.335377
8.86 28571.567071
8.88 28549.237371
8.9 28532.557549
8.92 28531.760017
8.94 28511.892613
8.96 28485.629756
8.98 28459.812696
9 28434.453729
9.02 28409.501488
9.04 28385.269048
9.06 28366.404013
9.08 28347.926757
9.1 28329.788509
9.12 28311.568692
9.14 28286.512207
9.16 28266.095675
9.18 28247.368292
9.2 28231.044457
9.22 28219.848074
9.24 28203.91288
9.26 28188.259432
9.28 28172.881519
9.3 28157.773087
9.32 28142.928244
9.34 28128.360641
9.36 28114.025023
9.38 28099.936234
9.4 28086.088961
9.42 28072.478025
9.44 28059.09838
9.46 28045.96373
9.48 28033.031211
9.5 28020.315623
9.52 28007.812405
9.54 27995.517112
9.56 27983.444117
9.58 27971.550982
9.6 27959.853114
9.62 27948.346491
9.64 27937.027183
9.66 27923.865735
9.68 27910.367041
9.7 27897.494244
9.72 27876.168287
9.74 27856.363286
9.76 27839.88735
9.78 27829.452847
9.8 27824.419069
9.82 27821.89882
9.84 27820.394663
9.86 27819.332895
9.88 27810.149021
9.9 27800.983922
9.92 27791.94186
9.94 27783.038232
9.96 27774.270365
9.98 27765.63565
10 27757.131532
10.02 27748.772295
10.04 27740.521289
10.06 27732.393586
10.08 27724.38686
10.1 27716.498831
10.12 27708.727275
10.14 27701.086202
10.16 27682.817531
10.18 27664.08514
10.2 27645.590689
10.22 27627.340103
10.24 27609.356935
10.26 27591.625371
10.28 27574.18791
10.3 27557.096593
10.32 27540.461382
10.34 27524.540714
10.36 27509.991152
10.38 27497.634945
10.4 27483.479711
10.42 27467.559086
10.44 27456.653895
10.46 27451.907849
10.48 27447.212424
10.5 27442.582717
10.52 27438.017553
10.54 27433.515785
10.56 27429.076295
10.58 27424.713249
10.6 27420.394505
10.62 27416.13483
10.64 27411.933193
10.66 27407.788581
10.68 27403.700002
10.7 27399.68125
10.72 27395.70125
10.74 27391.774215
10.76 27387.897928
10.78 27382.288007
10.8 27375.010724
10.82 27371.302636
10.84 27364.175957
10.86 27359.389349
10.88 27345.328358
10.9 27334.327221
10.92 27326.672661
10.94 27319.093117
10.96 27311.602104
10.98 27304.198308
11 27296.880444
11.02 27289.647245
11.04 27282.511422
11.06 27275.443386
11.08 27268.456363
11.1 27261.549175
11.12 27254.720666
11.14 27247.983705
11.16 27241.308732
11.18 27234.709137
11.2 27228.183908
11.22 27221.73224
11.24 27215.355873
11.26 27211.758624
11.28 27209.725704
11.3 27207.719225
11.32 27205.737735
11.34 27203.780696
11.36 27201.847678
11.38 27199.951494
11.4 27195.095141
11.42 27191.615725
11.44 27186.780064
11.46 27184.986924
11.48 27183.228734
11.5 27181.478221
11.52 27179.748722
11.54 27178.039917
11.56 27176.351486
11.58 27174.683119
11.6 27173.047402
11.62 27171.417863
11.64 27169.807495
11.66 27168.21601
11.68 27166.643123
11.7 27165.088557
11.72 27163.564585
11.74 27162.045468
11.76 27160.543873
11.78 27158.887521
11.8 27148.034499
11.82 27137.293745
11.84 27126.638946
11.86 27116.081866
11.88 27105.62145
11.9 27095.257515
11.92 27094.255047
11.94 27089.300391
11.96 27088.399521
11.98 27087.509349
12 27086.629329
12.02 27085.7593
12.04 27084.899113
12.06 27084.060569
12.08 27083.219297
12.1 27082.387448
12.12 27081.564885
12.14 27080.751471
12.16 27079.959051
12.18 27079.16319
12.2 27078.376054
12.22 27077.597393
12.24 27076.825327
12.26 27073.532548
12.28 27069.11265
12.3 27064.768168
12.32 27060.464548
12.34 27052.891626
12.36 27043.667799
12.38 27034.550011
12.4 27032.827724
12.42 27032.411729
12.44 27031.999911
12.46 27031.433485
12.48 27027.644654
12.5 27027.253168
12.52 27026.868776
12.54 27026.488796
12.56 27026.112989
12.58 27025.74126
12.6 27025.373539
12.62 27025.020926
12.64 27024.660748
12.66 27024.304411
12.68 27023.951857
12.7 27023.603027
12.72 27021.002084
12.74 27020.666625
12.76 27013.529887
12.78 27005.141076
12.8 26997.758604
12.82 26997.606789
12.84 26997.467625
12.86 26997.318871
12.88 26997.171717
12.9 26997.02614
12.92 26996.882116
12.94 26996.739625
12.96 26996.609326
12.98 26996.469567
13 26996.331281
13.02 26996.194451
13.04 26996.059053
13.06 26995.935778
13.08 26995.802924
13.1 26995.671448
13.12 26992.366341
13.14 26992.244238
13.16 26990.82312
13.18 26990.719427
13.2 26990.606228
13.22 26989.968143
13.24 26986.63504
13.26 26983.329523
13.28 26981.419783
13.3 26981.40248
13.32 26981.374973
13.34 26981.347744
13.36 26981.32079
13.38 26981.294105
13.4 26981.277951
13.42 26981.251548
13.44 26981.225407
13.46 26981.199523
13.48 26980.431857
13.5 26978.154669
13.52 26978.145552
13.54 26976.836656
13.56 26976.82191
13.58 26976.807364
13.6 26976.793015
13.62 26976.778859
13.64 26976.77473
13.66 26976.760722
13.68 26976.746902
13.7 26976.733267
13.72 26976.719814
13.74 26976.716401
13.76 26976.703077
13.78 26976.689931
13.8 26976.676959
13.82 26976.664159
