2.5 26987.575294
2.52 26987.50332
2.54 26987.422227
2.56 26987.341926
2.58 26987.262405
2.6 26987.183656
2.62 26987.115347
2.64 26987.037895
2.66 26986.961189
2.68 26986.88522
2.7 26986.809978
2.72 26986.735456
2.74 26986.671128
2.76 26986.597806
2.78 26986.525181
2.8 26986.453242
2.82 26980.468154
2.84 26980.448448
2.86 26977.644717
2.88 26977.630508
2.9 26977.616467
2.92 26977.602574
2.94 26977.588827
2.96 26977.584542
2.98 26977.570879
3 26977.55736
3.02 26977.54398
3.04 26977.530736
3.06 26976.474534
3.08 26976.389323
3.1 26976.379724
3.12 26976.370247
3.14 26976.36089
3.16 26976.351649
3.18 26972.371642
3.2 26965.683957
3.22 26959.036589
3.24 26952.440928
3.26 26949.505006
3.28 26946.90952
3.3 26944.340761
3.32 26941.631249
3.34 26937.58196
3.36 26934.415622
3.38 26932.094106
3.4 26930.421202
3.42 26929.130431
3.44 26926.795126
3.46 26924.360455
3.48 26921.940119
3.5 26919.535782
3.52 26917.14765
3.54 26914.784346
3.56 26912.428295
3.58 26910.088208
3.6 26907.763959
3.62 26905.455414
3.64 26903.171112
3.66 26900.893403
3.68 26898.631002
3.7 26896.383773
3.72 26894.151585
3.74 26891.934301
3.76 26889.740293
3.78 26887.552166
3.8 26884.202508
3.82 26878.330088
3.84 26872.47863
3.86 26866.653676
3.88 26860.866446
3.9 26855.101798
3.92 26849.36916
3.94 26843.669074
3.96 26838.00183
3.98 26832.375887
4 26826.774441
4.02 26821.205945
4.04 26815.670301
4.06 26810.167376
4.08 26804.697012
4.1 26799.267224
4.12 26793.864137
4.14 26792.13721
4.16 26790.217805
4.18 26784.92339
4.2 26779.6635
4.22 26774.424519
4.24 26769.214867
4.26 26764.034497
4.28 26758.883331
4.3 26753.761274
4.32 26748.676316
4.34 26743.611977
4.36 26738.57638
4.38 26733.569382
4.4 26728.590839
4.42 26723.640613
4.44 26718.726657
4.46 26715.381913
4.48 26714.068661
4.5 26712.763936
4.52 26711.467436
4.54 26710.187055
4.56 26708.906606
4.58 26707.634155
4.6 26706.369636
4.62 26705.112982
4.64 26703.864129
4.66 26702.630866
4.68 26701.397284
4.7 26700.171319
4.72 26698.952908
4.74 26697.74199
4.76 26696.538505
4.78 26695.350116
4.8 26694.16118
4.82 26692.979501
4.84 26691.805022
4.86 26690.637684
4.88 26689.485162
4.9 26688.331778
4.92 26686.32212
4.94 26681.744122
4.96 26677.191425
4.98 26672.663898
5 26668.168945
5.02 26663.691085
5.04 26659.237863
5.06 26654.809104
5.08 26650.404631
5.1 26646.024273
5.12 26641.67532
5.14 26637.342547
5.16 26633.033625
5.18 26631.890347
5.2 26630.993232
5.22 26627.072855
5.24 26622.849737
5.26 26618.64936
5.28 26614.471697
5.3 26610.316722
5.32 26606.184499
5.34 26602.0827
5.36 26597.997328
5.38 26593.939087
5.4 26589.92679
5.42 26586.789396
5.44 26586.608164
5.46 26586.590169
5.48 26586.580916
5.5 26586.575479
5.52 26586.571726
5.54 26586.568895
5.56 26586.570502
5.58 26586.567896
5.6 26586.565535
5.62 26586.563338
5.64 26586.561233
5.66 26586.55914
5.68 26586.560513
5.7 26586.557285
5.72 26586.553371
5.74 26586.547918
5.76 26586.537744
5.78 26585.548111
5.8 26581.667591
5.82 26577.79707
5.84 26573.945684
5.86 26571.034554
5.88 26570.420201
5.9 26569.009992
5.92 26565.231053
5.94 26561.470189
5.96 26557.727979
5.98 26554.004459
6 26550.299592
6.02 26546.620275
6.04 26542.952374
6.06 26539.30291
6.08 26535.67337
6.1 26534.928826
6.12 26534.466439
6.14 26533.999631
6.16 26533.53543
6.18 26533.073808
6.2 26532.614745
6.22 26532.158219
6.24 26531.711094
6.26 26531.259478
6.28 26530.810345
6.3 26530.363678
6.32 26529.919458
6.64 38674.013991
6.66 38408.465727
6.68 38397.936197
6.7 38208.703642
6.72 37902.883221
6.74 37618.806077
6.76 37336.129414
6.78 37060.651859
6.8 36794.893168
6.82 36538.328328
6.84 36289.421698
6.86 36048.35737
6.88 35818.414717
6.9 35658.219009
6.92 35632.95175
6.94 35626.18011
6.96 35533.027489
6.98 35342.429556
7 35155.082276
7.02 34972.386074
7.04 34794.374193
7.06 34620.98987
7.08 34452.308939
7.1 34290.666337
7.12 34251.19823
7.14 34242.011698
7.16 34099.711025
7.18 33962.297605
7.2 33829.263139
7.22 33700.918512
7.24 33576.005215
7.26 33440.576142
7.28 33296.994077
7.3 33156.27002
7.32 33018.855376
7.34 32884.690899
7.36 32753.77498
7.38 32651.787905
7.4 32536.286431
7.42 32414.674251
7.44 32295.51896
7.46 32179.031461
7.48 32065.191216
7.5 31953.947892
7.52 31845.248244
7.54 31739.082859
7.56 31635.402232
7.58 31534.769444
7.6 31455.901648
7.62 31402.068928
7.64 31350.927772
7.66 31301.617323
7.68 31243.244616
7.7 31159.425222
7.72 31077.741993
7.74 30998.129939
7.76 30920.556284
7.78 30852.892465
7.8 30779.072142
7.82 30707.086593
7.84 30636.881997
7.86 30580.412507
7.88 30513.554847
7.9 30448.298314
7.92 30384.625653
7.94 30322.49103
7.96 30261.850019
7.98 30202.687824
8 30180.820688
8.02 30162.226717
8.04 30144.240784
8.06 30126.789459
8.08 30109.710148
8.1 30092.292656
8.12 30051.759096
8.14 29990.225039
8.16 29929.706593
8.18 29870.742671
8.2 29814.189721
8.22 29762.780043
8.24 29714.846545
8.26 29673.58588
8.28 29663.56469
8.3 29657.658325
8.32 29611.115529
8.34 29564.791205
8.36 29519.360177
8.38 29474.801773
8.4 29431.095932
8.42 29406.590513
8.44 29406.058063
8.46 29405.568637
8.48 29405.102149
8.5 29404.609859
8.52 29403.9851
8.54 29402.772468
8.56 29390.526503
8.58 29353.141114
8.6 29312.554781
8.62 29267.369565
8.64 29222.656916
8.66 29179.152278
8.68 29144.130008
8.7 29135.339836
8.72 29132.707406
8.74 29113.21913
8.76 29083.046527
8.78 29059.480514
8.8 29030.419791
8.82 29001.912726
8.84 28973.946363
8.86 28946.508027
8.88 28919.585383
8.9 28893.187353
8.92 28867.259363
8.94 28841.812067
8.96 28816.834409
8.98 28792.315632
9 28768.266305
9.02 28753.172978
9.04 28729.920847
9.06 28707.087823
9.08 28684.664439
9.1 28662.641309
9.12 28641.027905
9.14 28617.773025
9.16 28591.987736
9.18 28570.228751
9.2 28550.121521
9.22 28528.698357
9.24 28505.680238
9.26 28486.628539
9.28 28467.904538
9.3 28449.501096
9.32 28431.411348
9.34 28413.648001
9.36 28396.164874
9.38 28378.975912
9.4 28362.074917
9.42 28345.455849
9.44 28329.112821
9.46 28313.05871
9.48 28297.249849
9.5 28281.700248
9.52 28266.404573
9.54 28251.357628
9.56 28236.573044
9.58 28222.007661
9.6 28212.505967
9.62 28198.380229
9.64 28184.479283
9.66 28170.798635
9.68 28157.351885
9.7 28144.098014
9.72 28131.051606
9.74 28118.208573
9.76 28105.56492
9.78 28088.49064
9.8 28076.273128
9.82 28058.470317
9.84 28035.218672
9.86 28012.2872
9.88 27989.682535
9.9 27967.433412
9.92 27945.525432
9.94 27924.015689
9.96 27902.981841
9.98 27882.591948
10 27863.252958
10.02 27846.054346
10.04 27833.286219
10.06 27826.300347
10.08 27822.911758
10.1 27821.040917
10.12 27819.81636
10.14 27818.89663
10.16 27818.110127
10.18 27817.36879
10.2 27816.597068
10.22 27815.70687
10.24 27814.560921
10.26 27812.849591
10.28 27809.836397
10.3 27803.454735
10.32 27789.795579
10.34 27771.801282
10.36 27753.32425
10.38 27734.894485
10.4 27716.627342
10.42 27698.551786
10.44 27680.67902
10.46 27663.02954
10.48 27645.576915
10.5 27628.341226
10.52 27611.329087
10.54 27594.551485
10.56 27578.027781
10.58 27567.238589
10.6 27557.143113
10.62 27550.484017
10.64 27545.083486
10.66 27539.754821
10.68 27534.496799
10.7 27529.323006
10.72 27524.202193
10.74 27519.148524
10.76 27514.160878
10.78 27509.238154
10.8 27504.394109
10.82 27499.597513
10.84 27494.862681
10.86 27490.188598
10.88 27485.574269
10.9 27484.11211
10.92 27481.900727
10.94 27477.43901
10.96 27473.033148
10.98 27465.951472
11 27459.101137
11.02 27453.729303
11.04 27445.383362
11.06 27437.114474
11.08 27428.938712
11.1 27420.85491
11.12 27412.861809
11.14 27404.972143
11.16 27397.156201
11.18 27389.427205
11.2 27381.78393
11.22 27374.225171
11.24 27366.749743
11.26 27359.370077
11.28 27352.057399
11.3 27344.824619
11.32 27337.670629
11.34 27330.594336
11.36 27323.594669
11.38 27316.683789
11.4 27309.83382
11.42 27303.057387
11.44 27296.353506
11.46 27289.721244
11.48 27283.173066
11.5 27276.682538
11.52 27272.133437
11.54 27269.748239
11.56 27267.392558
11.58 27265.064306
11.6 27261.220267
11.62 27255.910327
11.64 27251.032453
11.66 27248.464419
11.68 27246.291085
11.7 27244.142468
11.72 27242.030755
11.74 27239.93012
11.76 27237.853146
11.78 27235.79949
11.8 27233.768818
11.82 27231.773384
11.84 27229.787327
11.86 27227.823287
11.88 27225.880951
11.9 27223.960011
11.92 27222.060165
11.94 27220.193374
11.96 27218.334476
11.98 27216.4958
12 27210.782535
12.02 27200.001602
12.04 27189.315836
12.06 27178.736125
12.08 27168.237548
12.1 27157.831336
12.12 27147.516553
12.14 27141.817957
12.16 27139.971096
12.18 27135.34615
12.2 27134.162504
12.22 27132.991553
12.24 27131.833088
12.26 27130.68693
12.28 27129.564594
12.3 27128.442225
12.32 27127.331671
12.34 27126.23277
12.36 27125.145365
12.38 27124.081015
12.4 27123.015822
12.42 27121.961671
12.44 27120.918414
12.46 27119.885902
12.48 27118.863985
12.5 27117.863795
12.52 27114.322955
12.54 27111.58315
12.56 27102.254263
12.58 27093.007014
12.6 27083.841313
12.62 27074.768298
12.64 27066.729556
12.66 27066.101912
12.68 27065.481222
12.7 27064.866841
12.72 27064.269854
12.74 27063.667506
12.76 27063.071186
12.78 27062.480783
12.8 27061.896101
12.82 27061.315919
12.84 27058.932203
12.86 27056.658593
12.88 27056.105503
12.9 27055.5587
12.92 27055.017418
12.94 27054.481509
12.96 27053.961558
12.98 27051.145115
13 27050.630823
13.02 27043.571425
13.04 27035.242688
13.06 27027.003579
13.08 27020.940773
13.1 27020.647148
13.12 27020.356648
13.14 27020.069039
13.16 27019.784258
13.18 27019.512732
13.2 27019.233223
13.22 27018.956427
13.24 27018.682309
13.26 27018.410832
13.28 27018.141963
13.3 27017.885911
13.32 27017.621912
13.34 27017.360427
13.36 27017.101424
13.38 27016.844861
13.4 27013.448068
13.42 27013.203812
13.44 27010.903921
13.46 27010.669669
13.48 27010.437667
13.5 27010.207882
13.52 27009.990332
13.54 27009.764659
13.56 27009.541125
13.58 27009.319703
13.6 27009.100366
13.62 27008.883079
13.64 27008.677531
13.66 27006.193913
13.68 27002.97665
13.7 26999.784321
13.72 26996.616797
13.74 26993.483757
13.76 26992.041429
13.78 26991.946338
13.8 26988.884171
13.82 26988.796384
