2.5 27006.638835
2.52 27006.453809
2.54 27006.260589
2.56 27006.069123
2.58 27005.879391
2.6 27005.691371
2.62 27005.514724
2.64 27005.329854
2.66 27005.146642
2.68 27004.965067
2.7 27004.785112
2.72 27004.606757
2.74 27004.439468
2.76 27001.584899
2.78 26994.415575
2.8 26990.401855
2.82 26990.321417
2.84 26987.37366
2.86 26987.309002
2.88 26987.235524
2.9 26987.162718
2.92 26987.090576
2.94 26987.01909
2.96 26986.957567
2.98 26986.887143
3 26985.786748
3.02 26985.721465
3.04 26985.656784
3.06 26985.592697
3.08 26985.538334
3.1 26985.475218
3.12 26985.412677
3.14 26985.350705
3.16 26980.177044
3.18 26980.159404
3.2 26977.446577
3.22 26977.43413
3.24 26977.421813
3.26 26977.409622
3.28 26977.397553
3.3 26977.394587
3.32 26977.382573
3.34 26977.370678
3.36 26977.358903
3.38 26977.347244
3.4 26977.335702
3.42 26977.333087
3.44 26977.32159
3.46 26977.310206
3.48 26977.298934
3.5 26977.287771
3.52 26976.224823
3.54 26975.402799
3.56 26969.272704
3.58 26963.275224
3.6 26957.452431
3.62 26951.871551
3.64 26946.647577
3.66 26941.921264
3.68 26937.89307
3.7 26934.702992
3.72 26932.332015
3.74 26930.613554
3.76 26929.354426
3.78 26928.379705
3.8 26927.589352
3.82 26926.91265
3.84 26926.301565
3.86 26925.720458
3.88 26925.146326
3.9 26924.533962
3.92 26923.855146
3.94 26923.06132
3.96 26922.080521
3.98 26920.808947
4 26919.060694
4.02 26916.604986
4.04 26913.16941
4.06 26908.642126
4.08 26903.377645
4.1 26897.826129
4.12 26892.1716
4.14 26886.493816
4.16 26880.820646
4.18 26875.164518
4.2 26869.539806
4.22 26863.93327
4.24 26858.355154
4.26 26852.806554
4.28 26847.288111
4.3 26841.800191
4.32 26836.351053
4.34 26831.794512
4.36 26829.980618
4.38 26826.861845
4.4 26821.561901
4.42 26816.287491
4.44 26811.047414
4.46 26805.825988
4.48 26800.631597
4.5 26795.464425
4.52 26790.324595
4.54 26785.220156
4.56 26780.135032
4.58 26775.077347
4.6 26770.04707
4.62 26765.044149
4.64 26760.06852
4.66 26755.127988
4.68 26750.232597
4.7 26748.784063
4.72 26747.369811
4.74 26745.964263
4.76 26744.567303
4.78 26743.186573
4.8 26741.80642
4.82 26740.434639
4.84 26739.071163
4.86 26737.715927
4.88 26736.376599
4.9 26735.037507
4.92 26733.706463
4.94 26732.383403
4.96 26731.068265
4.98 26729.760986
5 26728.469117
5.02 26727.177239
5.04 26725.89304
5.06 26724.616461
5.08 26723.34744
5.1 26722.085919
5.12 26720.839326
5.14 26719.592473
5.16 26716.885791
5.18 26712.299956
5.2 26707.73892
5.22 26703.210004
5.24 26698.697959
5.26 26694.210224
5.28 26689.746631
5.3 26685.30701
5.32 26680.891196
5.34 26676.506379
5.36 26672.137552
5.38 26667.792042
5.4 26663.469703
5.42 26660.665495
5.44 26659.681985
5.46 26657.308356
5.48 26653.071683
5.5 26648.856986
5.52 26644.664335
5.54 26640.493615
5.56 26636.351978
5.58 26632.224608
5.6 26628.118788
5.62 26624.034404
5.64 26619.971355
5.66 26615.929579
5.68 26611.916595
5.7 26610.265481
5.72 26609.495079
5.74 26608.729141
5.76 26607.967551
5.78 26607.217452
5.8 26606.464318
5.82 26605.715422
5.84 26604.970733
5.86 26604.230218
5.88 26603.493848
5.9 26602.768667
5.92 26602.040377
5.94 26601.316141
5.96 26600.59593
5.98 26599.879716
6 26599.167468
6.02 26598.466129
6.04 26597.761613
6.06 26597.060978
6.08 26596.364195
6.1 26595.671231
6.12 26594.988951
6.14 26591.642829
6.16 26587.857709
6.18 26586.519287
6.2 26586.168784
6.22 26582.873812
6.24 26579.182848
6.26 26575.485275
6.28 26571.801467
6.3 26568.134029
6.32 26564.483758
6.68 38560.081958
6.7 38395.570886
6.72 38304.69438
6.74 38038.005763
6.76 37778.490134
6.78 37702.573449
6.8 37655.736576
6.82 37389.250109
6.84 37132.745037
6.86 36884.935034
6.88 36787.559464
6.9 36753.842164
6.92 36530.000688
6.94 36311.427114
6.96 36098.101382
6.98 35889.419251
7 35685.577686
7.02 35509.00742
7.04 35317.572101
7.06 35130.077104
7.08 34946.782011
7.1 34767.638273
7.12 34592.688184
7.14 34421.958715
7.16 34259.718819
7.18 34248.402087
7.2 34110.234023
7.22 33948.508509
7.24 33791.370538
7.26 33638.678386
7.28 33490.288609
7.3 33346.062068
7.32 33205.898266
7.34 33069.597803
7.36 32937.072752
7.38 32817.221695
7.4 32691.853899
7.42 32584.217304
7.44 32465.463325
7.46 32349.920106
7.48 32237.486586
7.5 32128.064774
7.52 32021.560279
7.54 31917.914005
7.56 31816.972957
7.58 31718.687271
7.6 31622.975844
7.62 31529.760214
7.64 31438.996191
7.66 31350.543907
7.68 31264.36594
7.7 31207.931642
7.72 31163.39967
7.74 31120.322994
7.76 31078.644887
7.78 31038.304359
7.8 30999.252134
7.82 30961.432434
7.84 30924.78418
7.86 30889.22859
7.88 30882.089094
7.9 30834.049676
7.92 30762.949114
7.94 30693.347338
7.96 30625.204526
7.98 30558.512516
8 30489.868438
8.02 30419.410444
8.04 30356.441001
8.06 30305.149229
8.08 30245.031967
8.1 30186.161912
8.12 30128.457507
8.14 30071.921801
8.16 30051.308996
8.18 30036.903969
8.2 30023.165322
8.22 30009.976413
8.24 29997.225537
8.26 29984.896747
8.28 29972.950555
8.3 29957.366241
8.32 29910.013648
8.34 29863.644931
8.36 29818.260626
8.38 29773.835205
8.4 29730.343908
8.42 29687.762723
8.44 29646.092401
8.46 29611.862583
8.48 29572.00163
8.5 29532.625853
8.52 29494.218987
8.54 29456.592644
8.56 29416.975406
8.58 29383.627661
8.6 29348.228303
8.62 29323.130731
8.64 29289.068445
8.66 29255.701999
8.68 29222.967868
8.7 29190.874417
8.72 29159.406211
8.74 29131.353947
8.76 29130.423051
8.78 29129.664603
8.8 29128.212664
8.82 29093.99798
8.84 29064.001361
8.86 29063.521451
8.88 29062.823622
8.9 29061.444106
8.92 29055.380329
8.94 29021.971149
8.96 28984.401387
8.98 28947.061178
9 28910.333925
9.02 28874.458509
9.04 28839.986985
9.06 28808.264739
9.08 28778.622679
9.1 28745.179001
9.12 28711.177373
9.14 28677.5445
9.16 28644.530446
9.18 28612.39084
9.2 28581.847553
9.22 28555.95234
9.24 28542.235854
9.26 28537.80616
9.28 28535.983516
9.3 28534.940386
9.32 28534.193636
9.34 28533.571684
9.36 28532.956774
9.38 28532.268782
9.4 28531.370641
9.42 28529.942327
9.44 28526.896834
9.46 28516.537004
9.48 28490.372395
9.5 28461.791414
9.52 28433.373079
9.54 28405.31787
9.56 28377.709197
9.58 28350.56873
9.6 28324.007163
9.62 28298.205757
9.64 28273.561681
9.66 28250.781987
9.68 28228.535342
9.7 28204.146867
9.72 28179.28837
9.74 28154.558801
9.76 28130.08338
9.78 28105.899434
9.8 28087.875314
9.82 28075.773304
9.84 28063.855984
9.86 28052.119756
9.88 28040.561141
9.9 28029.194143
9.92 28017.979957
9.94 28006.933456
9.96 27996.051475
9.98 27985.330918
10 27974.76876
10.02 27964.378819
10.04 27954.123992
10.06 27944.018904
10.08 27934.060792
10.1 27924.246947
10.12 27914.574724
10.14 27905.057731
10.16 27895.660415
10.18 27886.397135
10.2 27877.26546
10.22 27868.262996
10.24 27859.403631
10.26 27850.391475
10.28 27835.738713
10.3 27827.255847
10.32 27818.688446
10.34 27806.561339
10.36 27798.459371
10.38 27790.453287
10.4 27782.556975
10.42 27774.76851
10.44 27767.08602
10.46 27759.523443
10.48 27752.046873
10.5 27744.670909
10.52 27737.39383
10.54 27730.213951
10.56 27723.129623
10.58 27716.154491
10.6 27709.255905
10.62 27702.44813
10.64 27695.729646
10.66 27689.098962
10.68 27682.554621
10.7 27676.109971
10.72 27669.733531
10.74 27662.096647
10.76 27645.574945
10.78 27629.247464
10.8 27613.133007
10.82 27597.211746
10.84 27581.512328
10.86 27566.060312
10.88 27550.904283
10.9 27536.144222
10.92 27522.016191
10.94 27509.040055
10.96 27497.948271
10.98 27485.54685
11 27471.359096
11.02 27460.147284
11.04 27455.970954
11.06 27451.83235
11.08 27447.744823
11.1 27443.707518
11.12 27439.719626
11.14 27435.794367
11.16 27431.902526
11.18 27428.057817
11.2 27424.259509
11.22 27420.506885
11.24 27416.799238
11.26 27413.149478
11.28 27409.529298
11.3 27405.952072
11.32 27402.417146
11.34 27398.923879
11.36 27395.471639
11.38 27392.073019
11.4 27385.213919
11.42 27380.467486
11.44 27373.974515
11.46 27370.745966
11.48 27367.568021
11.5 27364.413174
11.52 27361.29455
11.54 27358.211615
11.56 27355.163847
11.58 27352.15073
11.6 27349.184652
11.62 27346.238941
11.64 27343.3264
11.66 27340.446548
11.68 27337.598915
11.7 27334.783038
11.72 27332.011009
11.74 27329.25691
11.76 27326.533228
11.78 27323.839512
11.8 27321.02377
11.82 27312.216786
11.84 27300.544255
11.86 27288.972912
11.88 27277.502617
11.9 27266.132973
11.92 27254.863418
11.94 27243.705437
11.96 27232.633591
11.98 27223.675169
12 27221.833326
12.02 27215.71192
12.04 27213.923207
12.06 27212.16572
12.08 27210.414866
12.1 27208.682665
12.12 27206.968858
12.14 27205.273185
12.16 27203.607369
12.18 27201.946835
12.2 27200.303518
12.22 27198.674672
12.24 27194.374744
12.26 27192.74713
12.28 27191.191471
12.3 27189.640067
12.32 27188.104694
12.34 27186.585136
12.36 27185.081179
12.38 27176.784177
12.4 27166.789548
12.42 27156.878931
12.44 27147.051504
12.46 27140.358123
12.48 27135.713385
12.5 27130.487954
12.52 27120.996999
12.54 27119.710532
12.56 27117.560337
12.58 27113.922981
12.6 27112.958657
12.62 27112.017805
12.64 27111.075239
12.66 27110.142162
12.68 27109.218419
12.7 27108.303877
12.72 27107.409604
12.74 27106.512814
12.76 27105.624873
12.78 27104.745668
12.8 27103.875086
12.82 27103.013018
12.84 27102.170281
12.86 27100.839834
12.88 27098.074489
12.9 27095.122558
12.92 27086.342642
12.94 27077.636979
12.96 27069.016344
12.98 27060.459526
13 27056.380346
13.02 27055.855427
13.04 27055.33564
13.06 27054.831572
13.08 27054.32147
13.1 27053.81625
13.12 27053.315849
13.14 27052.820207
13.16 27052.329264
13.18 27051.853432
13.2 27051.371457
13.22 27050.894012
13.24 27050.421043
13.26 27049.952491
13.28 27049.4883
13.3 27049.038648
13.32 27045.262469
13.34 27044.819356
13.36 27042.20322
13.38 27041.774084
13.4 27041.359212
13.42 27040.937772
13.44 27040.520215
13.46 27039.785999
13.48 27036.304141
13.5 27032.849328
13.52 27029.431998
13.54 27026.031617
13.56 27022.658244
13.58 27019.311705
13.6 27015.99238
13.62 27013.966039
13.64 27013.746771
13.66 27013.520705
13.68 27013.296836
13.7 27013.075041
13.72 27012.855266
13.74 27009.621862
13.76 27009.412904
13.78 27007.234018
13.8 27007.033786
13.82 27006.835403
