2.5 27038.103292
2.52 27037.754449
2.54 27037.398673
2.56 27037.045944
2.58 27036.696223
2.6 27036.349467
2.62 27036.015297
2.64 27035.674008
2.66 27035.334532
2.68 27031.957594
2.7 27030.210812
2.72 27027.034321
2.74 27023.890426
2.76 27020.760067
2.78 27017.652826
2.8 27014.568556
2.82 27011.507244
2.84 27008.48188
2.86 27008.164422
2.88 27007.986656
2.9 27007.810666
2.92 27007.636226
2.94 27007.463281
2.96 27007.30112
2.98 27007.130883
3 27006.962074
3.02 27006.794675
3.04 27006.62867
3.06 27006.46404
3.08 27006.309812
3.1 27003.352222
3.12 27002.653571
3.14 27001.22939
3.16 27001.081337
3.18 27000.934531
3.2 27000.797921
3.22 27000.653379
3.24 27000.510045
3.26 27000.367907
3.28 27000.226951
3.3 27000.096148
3.32 26999.957334
3.34 26999.819667
3.36 26999.683135
3.38 26999.547725
3.4 26999.413424
3.42 26999.289023
3.44 26997.853814
3.46 26991.22847
3.48 26988.064674
3.5 26987.953743
3.52 26985.23128
3.54 26985.184191
3.56 26984.198442
3.58 26984.146813
3.6 26984.095631
3.62 26984.04489
3.64 26984.003255
3.66 26983.953209
3.68 26983.903591
3.7 26983.854397
3.72 26983.805623
3.74 26983.757265
3.76 26983.71783
3.78 26983.670118
3.8 26983.622811
3.82 26983.486574
3.84 26979.682893
3.86 26979.668377
3.88 26977.123486
3.9 26977.113648
3.92 26977.103902
3.94 26977.094248
3.96 26977.084683
3.98 26977.083586
4 26977.074035
4.02 26977.064574
4.04 26977.055199
4.06 26977.045912
4.08 26977.036709
4.1 26977.035823
4.12 26977.026629
4.14 26977.017519
4.16 26976.227244
4.18 26976.046238
4.2 26971.346148
4.22 26968.924396
4.24 26966.517834
4.26 26962.597247
4.28 26957.151249
4.3 26951.910333
4.32 26946.968196
4.34 26942.43673
4.36 26938.488102
4.38 26935.267121
4.4 26932.804868
4.42 26930.989992
4.44 26929.654434
4.46 26928.626952
4.48 26927.802345
4.5 26927.105125
4.52 26926.484061
4.54 26925.909032
4.56 26925.33496
4.58 26924.740117
4.6 26924.090689
4.62 26923.313654
4.64 26921.413887
4.66 26919.312493
4.68 26917.212457
4.7 26915.124184
4.72 26913.047625
4.74 26910.916699
4.76 26906.281846
4.78 26901.191381
4.8 26895.940705
4.82 26890.641583
4.84 26885.333832
4.86 26880.034583
4.88 26874.75979
4.9 26869.498286
4.92 26864.260356
4.94 26859.04744
4.96 26853.860402
4.98 26848.699761
5 26843.573389
5.02 26838.466175
5.04 26833.3859
5.06 26828.332574
5.08 26823.306537
5.1 26821.473496
5.12 26819.682175
5.14 26814.764645
5.16 26809.866624
5.18 26804.992222
5.2 26800.141657
5.22 26795.322558
5.24 26790.519877
5.26 26785.741286
5.28 26780.986796
5.3 26776.256396
5.32 26771.550051
5.34 26766.875094
5.36 26762.216573
5.38 26757.581932
5.4 26752.971122
5.42 26748.386257
5.44 26746.842034
5.46 26745.544015
5.48 26744.246087
5.5 26742.95554
5.52 26741.672309
5.54 26740.396338
5.56 26739.134853
5.58 26737.873113
5.6 26736.618471
5.62 26735.370876
5.64 26734.130275
5.66 26732.896618
5.68 26731.677026
5.7 26730.456982
5.72 26729.243732
5.74 26728.037226
5.76 26726.837415
5.78 26725.651434
5.8 26724.464746
5.82 26723.28461
5.84 26722.110975
5.86 26720.943793
5.88 26719.782998
5.9 26717.236898
5.92 26712.942949
5.94 26708.670771
5.96 26704.420242
5.98 26700.19122
6 26695.983569
6.02 26691.804091
6.04 26687.638642
6.06 26683.494149
6.08 26679.370475
6.1 26675.267485
6.12 26671.192006
6.14 26667.129885
6.16 26664.656019
6.18 26663.725117
6.2 26661.350921
6.22 26657.364887
6.24 26653.405166
6.26 26649.457937
6.28 26645.530094
6.3 26641.621527
6.32 26637.732128
6.74 38918.769266
6.76 38624.545133
6.78 38372.541105
6.8 38368.009258
6.82 38303.549647
6.84 38017.279052
6.86 37739.865077
6.88 37484.81285
6.9 37225.363377
6.92 36974.038857
6.94 36731.35282
6.96 36496.368225
6.98 36267.846812
7 36046.011522
7.02 35833.335306
7.04 35666.459374
7.06 35634.187054
7.08 35625.973999
7.1 35515.502835
7.12 35337.158269
7.14 35162.097592
7.16 34991.175671
7.18 34824.414362
7.2 34661.790238
7.22 34503.206027
7.24 34349.152904
7.26 34252.659706
7.28 34250.158199
7.3 34213.119912
7.32 34060.298243
7.34 33910.782406
7.36 33764.650676
7.38 33621.847308
7.4 33482.304054
7.42 33345.976959
7.44 33212.730669
7.46 33082.523852
7.48 32955.285478
7.5 32830.954404
7.52 32709.580139
7.54 32621.766713
7.56 32507.449121
7.58 32393.909587
7.6 32282.671966
7.62 32176.424433
7.64 32111.306175
7.66 32048.329665
7.68 31987.279601
7.7 31928.085016
7.72 31870.679678
7.74 31815.000342
7.76 31741.383748
7.78 31653.011274
7.8 31566.784506
7.82 31482.641883
7.84 31400.52363
7.86 31320.371647
7.88 31242.157515
7.9 31165.768434
7.92 31091.181278
7.94 31026.112313
7.96 30954.927548
7.98 30885.424264
8 30829.269127
8.02 30762.822193
8.04 30697.895878
8.06 30634.44855
8.08 30572.439878
8.1 30542.011114
8.12 30518.293408
8.14 30495.210395
8.16 30472.635667
8.18 30450.045273
8.2 30407.557878
8.22 30343.144122
8.24 30279.801012
8.26 30217.950071
8.28 30158.114693
8.3 30101.8267
8.32 30051.431368
8.34 29996.588771
8.36 29944.254665
8.38 29922.333579
8.4 29911.383125
8.42 29901.579842
8.44 29861.220325
8.46 29813.90529
8.48 29767.460342
8.5 29721.866205
8.52 29677.103958
8.54 29633.155289
8.56 29608.964443
8.58 29606.152952
8.6 29603.469038
8.62 29600.880608
8.64 29598.336166
8.66 29595.699312
8.68 29591.349504
8.7 29555.715659
8.72 29518.277089
8.74 29473.569104
8.76 29430.121494
8.78 29407.066431
8.8 29404.711604
8.82 29404.060084
8.84 29386.783476
8.86 29354.403978
8.88 29322.619706
8.9 29297.408707
8.92 29266.74059
8.94 29236.628464
8.96 29207.059832
8.98 29178.022528
9 29149.525739
9.02 29128.573816
9.04 29102.742289
9.06 29075.665751
9.08 29063.472134
9.1 29049.746948
9.12 29019.264624
9.14 28989.243229
9.16 28959.695024
9.18 28930.611084
9.2 28901.984114
9.22 28875.379812
9.24 28852.222532
9.26 28829.461952
9.28 28807.084723
9.3 28785.082299
9.32 28758.36087
9.34 28734.12398
9.36 28713.240394
9.38 28692.700958
9.4 28672.498528
9.42 28652.626163
9.44 28633.077096
9.46 28613.863347
9.48 28594.940409
9.5 28576.321472
9.52 28558.000419
9.54 28539.97153
9.56 28529.874566
9.58 28512.373918
9.6 28495.147767
9.62 28478.19124
9.64 28461.499051
9.66 28445.06602
9.68 28428.905072
9.7 28412.974523
9.72 28397.288305
9.74 28381.841698
9.76 28366.630086
9.78 28351.64896
9.8 28336.911241
9.82 28322.377262
9.84 28308.060875
9.86 28293.957964
9.88 28280.064361
9.9 28259.362192
9.92 28245.90623
9.94 28232.650686
9.96 28219.587932
9.98 28206.715597
10 28194.030189
10.02 28181.545056
10.04 28169.222628
10.06 28157.077077
10.08 28145.105192
10.1 28133.30383
10.12 28121.669918
10.14 28110.216641
10.16 28098.908041
10.18 28087.758075
10.2 28076.763924
10.22 28065.922826
10.24 28055.248342
10.26 28044.704696
10.28 28034.306187
10.3 28024.050281
10.32 28013.934498
10.34 28003.956403
10.36 27994.129336
10.38 27984.418945
10.4 27974.06333
10.42 27961.256101
10.44 27950.873389
10.46 27931.497728
10.48 27912.447303
10.5 27893.816091
10.52 27875.769076
10.54 27858.694987
10.56 27843.570897
10.58 27832.347084
10.6 27826.011151
10.62 27822.807835
10.64 27820.993231
10.66 27819.784351
10.68 27811.414918
10.7 27799.689532
10.72 27788.085735
10.74 27776.618131
10.76 27765.284882
10.78 27754.084049
10.8 27743.028527
10.82 27732.086227
10.84 27721.270613
10.86 27710.579829
10.88 27700.01205
10.9 27689.565484
10.92 27679.25275
10.94 27669.042871
10.96 27658.949022
10.98 27648.96953
11 27639.102752
11.02 27629.347073
11.04 27619.714858
11.06 27610.176178
11.08 27600.743922
11.1 27591.416554
11.12 27582.192273
11.14 27569.937187
11.16 27556.864588
11.18 27551.693329
11.2 27542.040199
11.22 27537.337837
11.24 27529.29546
11.26 27524.743576
11.28 27520.231963
11.3 27515.773155
11.32 27511.366346
11.34 27507.010756
11.36 27502.70562
11.38 27498.463405
11.4 27494.256531
11.42 27490.097914
11.44 27485.986845
11.46 27485.085493
11.48 27481.203569
11.5 27477.219234
11.52 27473.279815
11.54 27469.384662
11.56 27465.533136
11.58 27458.494997
11.6 27454.752759
11.62 27448.560699
11.64 27435.734502
11.66 27423.014641
11.68 27410.405972
11.7 27397.910178
11.72 27385.540133
11.74 27373.270042
11.76 27361.11216
11.78 27349.065623
11.8 27337.129477
11.82 27326.150094
11.84 27323.517959
11.86 27320.914946
11.88 27318.340074
11.9 27315.792929
11.92 27313.273119
11.94 27310.79252
11.96 27308.325892
11.98 27305.885483
12 27303.470935
12.02 27301.081893
12.04 27298.718011
12.06 27296.390891
12.08 27294.075967
12.1 27291.785199
12.12 27289.518262
12.14 27287.274834
12.16 27285.066579
12.18 27281.500245
12.2 27276.384526
12.22 27272.37351
12.24 27269.3053
12.26 27267.218096
12.28 27265.163869
12.3 27263.11865
12.32 27261.094177
12.34 27259.090176
12.36 27257.106382
12.38 27255.154245
12.4 27253.209764
12.42 27251.28472
12.44 27249.378862
12.46 27247.491942
12.48 27245.623712
12.5 27243.785336
12.52 27240.98271
12.54 27235.791102
12.56 27230.64557
12.58 27225.545941
12.6 27220.491748
12.62 27213.931675
12.64 27204.080993
12.66 27194.309941
12.68 27184.617813
12.7 27175.003887
12.72 27166.914502
12.74 27165.65158
12.76 27160.554513
12.78 27159.326793
12.8 27158.111017
12.82 27156.90688
12.84 27155.72513
12.86 27154.543365
12.88 27153.370739
12.9 27149.824737
12.92 27148.586486
12.94 27147.455984
12.96 27146.346834
12.98 27145.23726
13 27144.138087
13.02 27143.049188
13.04 27141.970437
13.06 27140.912421
13.08 27139.853337
13.1 27137.357589
13.12 27128.516588
13.14 27119.743402
13.16 27111.037404
13.18 27102.408332
13.2 27093.834603
13.22 27090.930822
13.24 27088.638705
13.26 27086.031426
13.28 27085.33758
13.3 27084.660372
13.32 27083.978963
13.34 27083.303764
13.36 27082.634701
13.38 27081.971697
13.4 27081.324948
13.42 27080.673605
13.44 27080.028114
13.46 27079.388406
13.48 27078.754414
13.5 27078.126071
13.52 27077.513359
13.54 27076.895879
13.56 27076.283852
13.58 27073.479904
13.6 27072.884235
13.62 27066.857053
13.64 27059.020605
13.66 27051.237205
13.68 27043.517602
13.7 27040.692917
13.72 27040.311849
13.74 27039.944023
13.76 27039.569417
13.78 27039.19808
13.8 27038.829971
13.82 27038.465054
