2.5 27109.219143
2.52 27107.405428
2.54 27106.654474
2.56 27105.909782
2.58 27105.17127
2.6 27104.438867
2.62 27103.722188
2.64 27103.001591
2.66 27102.28691
2.68 27101.578082
2.7 27100.875041
2.72 27100.177723
2.74 27099.495546
2.76 27098.809249
2.78 27098.128399
2.8 27097.452183
2.82 27095.169965
2.84 27093.515104
2.86 27088.325595
2.88 27084.935563
2.9 27080.527651
2.92 27073.173883
2.94 27065.873325
2.96 27060.066053
2.98 27059.613445
3 27059.164592
3.02 27058.719102
3.04 27058.272625
3.06 27055.512075
3.08 27054.408058
3.1 27053.983175
3.12 27053.561965
3.14 27053.14414
3.16 27052.729629
3.18 27052.318383
3.2 27051.91933
3.22 27051.514315
3.24 27051.112462
3.26 27050.713736
3.28 27050.318096
3.3 27048.001334
3.32 27047.615858
3.34 27040.85089
3.36 27034.04485
3.38 27027.290398
3.4 27024.632686
3.42 27024.391977
3.44 27024.144236
3.46 27023.89841
3.48 27023.654474
3.5 27023.412409
3.52 27023.172194
3.54 27022.942462
3.56 27022.705715
3.58 27022.470764
3.6 27022.237592
3.62 27022.00618
3.64 27021.785181
3.66 27021.557062
3.68 27021.330649
3.7 27021.105903
3.72 27018.177101
3.74 27017.960489
3.76 27015.984537
3.78 27015.775788
3.8 27015.568615
3.82 27015.363
3.84 27015.158919
3.86 27014.930905
3.88 27012.24253
3.9 27009.559751
3.92 27006.894326
3.94 27004.246239
3.96 27001.615915
3.98 27000.20583
4 27000.089982
4.02 26999.975665
4.04 26999.862287
4.06 26999.749777
4.08 26999.63811
4.1 26999.53549
4.12 26996.902276
4.14 26996.797431
4.16 26995.068966
4.18 26994.969227
4.2 26994.878488
4.22 26994.780089
4.24 26994.682429
4.26 26994.5855
4.28 26994.489296
4.3 26994.393809
4.32 26994.307138
4.34 26994.212911
4.36 26994.119384
4.38 26994.026548
4.4 26993.934397
4.42 26993.842925
4.44 26993.760093
4.46 26993.256114
4.48 26987.310204
4.5 26985.544012
4.52 26984.515766
4.54 26982.949242
4.56 26982.911063
4.58 26982.873179
4.6 26982.835585
4.62 26982.798279
4.64 26982.761256
4.66 26981.969968
4.68 26981.925962
4.7 26981.892095
4.72 26981.858493
4.74 26981.82515
4.76 26981.792065
4.78 26981.766956
4.8 26981.734239
4.82 26981.701773
4.84 26980.450188
4.86 26979.096273
4.88 26978.019739
4.9 26976.764215
4.92 26976.756879
4.94 26976.749606
4.96 26976.742395
4.98 26976.735244
5 26976.735764
5.02 26976.728597
5.04 26976.721491
5.06 26976.714445
5.08 26976.707457
5.1 26976.700528
5.12 26976.701146
5.14 26976.694199
5.16 26976.68731
5.18 26976.680479
5.2 26975.852498
5.22 26975.855655
5.24 26971.987245
5.26 26966.805127
5.28 26961.7183
5.3 26956.753532
5.32 26951.951875
5.34 26947.38368
5.36 26943.128671
5.38 26939.321589
5.4 26936.096667
5.42 26933.52889
5.44 26931.578849
5.46 26930.125398
5.48 26929.011787
5.5 26928.129013
5.52 26927.39524
5.54 26926.75422
5.56 26926.172303
5.58 26925.60498
5.6 26925.031249
5.62 26924.422289
5.64 26923.743409
5.66 26922.947815
5.68 26921.974333
5.7 26920.71028
5.72 26919.021824
5.74 26916.734627
5.76 26913.682657
5.78 26909.833575
5.8 26905.405268
5.82 26900.711175
5.84 26895.916664
5.86 26891.088625
5.88 26886.254858
5.9 26881.435207
5.92 26876.621991
5.94 26871.825942
5.96 26867.049137
5.98 26862.292835
6 26857.557819
6.02 26852.851514
6.04 26848.160769
6.06 26846.426556
6.08 26844.497742
6.1 26839.915529
6.12 26835.356165
6.14 26830.80777
6.16 26826.277998
6.18 26821.767263
6.2 26817.27588
6.22 26812.804093
6.24 26808.358959
6.26 26803.92675
6.28 26799.514549
6.3 26795.12242
6.32 26790.750402
6.82 39606.265264
6.84 39569.769802
6.86 38895.971172
6.88 38695.577858
6.9 38431.992978
6.92 38354.900018
6.94 38349.354068
6.96 38100.592914
6.98 37839.913122
7 37598.901141
7.02 37355.249321
7.04 37117.642495
7.06 36887.505444
7.08 36664.955694
7.1 36448.679734
7.12 36237.887079
7.14 36033.011535
7.16 35836.001438
7.18 35673.49127
7.2 35635.098201
7.22 35624.280008
7.24 35494.916877
7.26 35327.661862
7.28 35163.588718
7.3 35003.223732
7.32 34846.602481
7.34 34693.600465
7.36 34544.214435
7.38 34398.576796
7.4 34264.357065
7.42 34250.59542
7.44 34207.689854
7.46 34063.527371
7.48 33922.461921
7.5 33784.481767
7.52 33649.519321
7.54 33517.533019
7.56 33388.399523
7.58 33262.086454
7.6 33138.546646
7.62 33018.139066
7.64 32928.216664
7.66 32816.630965
7.68 32705.448326
7.7 32665.517118
7.72 32638.350003
7.74 32569.621427
7.76 32502.861246
7.78 32437.951837
7.8 32374.857086
7.82 32313.235049
7.84 32218.761499
7.86 32126.490515
7.88 32036.388361
7.9 31948.337371
7.92 31862.309935
7.94 31778.25042
7.96 31696.105085
7.98 31615.85017
8 31537.377015
8.02 31468.400709
8.04 31393.358989
8.06 31319.986542
8.08 31248.238314
8.1 31178.097137
8.12 31109.465589
8.14 31042.330828
8.16 30976.652985
8.18 30923.767203
8.2 30882.111796
8.22 30869.440443
8.24 30841.884212
8.26 30814.053548
8.28 30754.744948
8.3 30687.573633
8.32 30621.745856
8.34 30557.443905
8.36 30495.170972
8.38 30436.3508
8.4 30383.468343
8.42 30326.417537
8.44 30267.642509
8.46 30216.580919
8.48 30195.766675
8.5 30181.218953
8.52 30167.591814
8.54 30146.157537
8.56 30097.234409
8.58 30049.150763
8.6 30001.913188
8.62 29955.503532
8.64 29909.904071
8.66 29865.120576
8.68 29821.0898
8.7 29797.452053
8.72 29791.356184
8.74 29785.474586
8.76 29779.737831
8.78 29774.069313
8.8 29768.028746
8.82 29753.614865
8.84 29714.108664
8.86 29668.553975
8.88 29623.156817
8.9 29583.386322
8.92 29576.137603
8.94 29574.370134
8.96 29572.995795
8.98 29571.755772
9 29552.262427
9.02 29519.684197
9.04 29487.672826
9.06 29456.216039
9.08 29431.130209
9.1 29402.896235
9.12 29379.620666
9.14 29350.186921
9.16 29321.251654
9.18 29302.692404
9.2 29283.11889
9.22 29251.209177
9.24 29219.76566
9.26 29188.801286
9.28 29158.322514
9.3 29131.83277
9.32 29111.276806
9.34 29085.304419
9.36 29057.291244
9.38 29033.2982
9.4 29009.359176
9.42 28986.033064
9.44 28963.079526
9.46 28940.509665
9.48 28918.278111
9.5 28896.397215
9.52 28874.860021
9.54 28853.659743
9.56 28832.808455
9.58 28812.261473
9.6 28792.032005
9.62 28772.113873
9.64 28770.409693
9.66 28769.31351
9.68 28768.101302
9.7 28766.505028
9.72 28763.991082
9.74 28758.999344
9.76 28747.440149
9.78 28726.64223
9.8 28700.992168
9.82 28673.833257
9.84 28646.312723
9.86 28618.822506
9.88 28591.535987
9.9 28564.602075
9.92 28538.379352
9.94 28516.480245
9.96 28495.01686
9.98 28470.756311
10 28445.784327
10.02 28430.815038
10.04 28416.228623
10.06 28401.848076
10.08 28387.669687
10.1 28373.689849
10.12 28359.905036
10.14 28346.327996
10.16 28332.922335
10.18 28319.701589
10.2 28306.662523
10.22 28293.80197
10.24 28281.13309
10.26 28268.619715
10.28 28256.275763
10.3 28244.09832
10.32 28232.084536
10.34 28220.231618
10.36 28215.459343
10.38 28213.265127
10.4 28209.49357
10.42 28202.187049
10.44 28189.327544
10.46 28172.126832
10.48 28152.957799
10.5 28133.069913
10.52 28120.386173
10.54 28109.785256
10.56 28093.498665
10.58 28083.417554
10.6 28073.449612
10.62 28063.605486
10.64 28050.626802
10.66 28040.264338
10.68 28030.808895
10.7 28021.487174
10.72 28012.267163
10.74 28003.162304
10.76 27994.170761
10.78 27985.290738
10.8 27976.535306
10.82 27967.872562
10.84 27959.31616
10.86 27950.864437
10.88 27942.515759
10.9 27934.268523
10.92 27926.135539
10.94 27918.086018
10.96 27910.13332
10.98 27902.275959
11 27894.512475
11.02 27886.841421
11.04 27869.888646
11.06 27852.903863
11.08 27836.170646
11.1 27819.864433
11.12 27804.926602
11.14 27791.834811
11.16 27777.839091
11.18 27763.009926
11.2 27747.830612
11.22 27732.540355
11.24 27717.252443
11.26 27702.037745
11.28 27686.900124
11.3 27672.772621
11.32 27663.333923
11.34 27653.995494
11.36 27644.756056
11.38 27635.628661
11.4 27628.45827
11.42 27623.33875
11.44 27618.278177
11.46 27613.274493
11.48 27608.340005
11.5 27603.446958
11.52 27598.608222
11.54 27593.823017
11.56 27589.090578
11.58 27584.410156
11.6 27579.793908
11.62 27575.214937
11.64 27570.685821
11.66 27566.205864
11.68 27561.774377
11.7 27557.390686
11.72 27553.066674
11.74 27548.776205
11.76 27539.652919
11.78 27534.156215
11.8 27528.137084
11.82 27524.065638
11.84 27520.024459
11.86 27516.025919
11.88 27512.069438
11.9 27508.154447
11.92 27504.280387
11.94 27500.458965
11.96 27496.664771
11.98 27492.90989
12 27489.193797
12.02 27485.779319
12.04 27484.946941
12.06 27481.34623
12.08 27477.770065
12.1 27474.230255
12.12 27470.726323
12.14 27467.257795
12.16 27460.877919
12.18 27457.433692
12.2 27453.32075
12.22 27441.580654
12.24 27429.927419
12.26 27418.366334
12.28 27406.911088
12.3 27395.538619
12.32 27384.260895
12.34 27373.077519
12.36 27361.987904
12.38 27351.00307
12.4 27340.482744
12.42 27338.017315
12.44 27335.576995
12.46 27333.160491
12.48 27330.767493
12.5 27328.409133
12.52 27326.061952
12.54 27323.737405
12.56 27321.435207
12.58 27319.15508
12.6 27316.896747
12.62 27314.671097
12.64 27312.455244
12.66 27310.260376
12.68 27308.086206
12.7 27305.932384
12.72 27303.809192
12.74 27300.613664
12.76 27295.542791
12.78 27290.795639
12.8 27288.759885
12.82 27280.417169
12.84 27274.299881
12.86 27269.169126
12.88 27264.082155
12.9 27259.038494
12.92 27254.037671
12.94 27249.079221
12.96 27244.173365
12.98 27239.298016
13 27234.463682
13.02 27229.669921
13.04 27224.916297
13.06 27220.213093
13.08 27215.538213
13.1 27210.902244
13.12 27206.304863
13.14 27201.746199
13.16 27197.979866
13.18 27196.626993
13.2 27195.278964
13.22 27193.943187
13.24 27192.619344
13.26 27191.307253
13.28 27190.006762
13.3 27188.727935
13.32 27183.784693
13.34 27182.527416
13.36 27178.877565
13.38 27177.648993
13.4 27176.44143
13.42 27175.233974
13.44 27174.037021
13.46 27172.850452
13.48 27171.674151
13.5 27170.508
13.52 27169.361936
13.54 27168.215514
13.56 27167.078911
13.58 27165.952019
13.6 27164.834731
13.62 27163.726939
13.64 27162.638376
13.66 27161.549035
13.68 27160.468885
13.7 27156.043066
13.72 27147.788836
13.74 27139.603025
13.76 27131.465314
13.78 27123.385234
13.8 27115.362303
13.82 27112.252991
