2.5 27456.191043
2.52 27450.848035
2.54 27445.534664
2.56 27440.260462
2.58 27435.025072
2.6 27429.828133
2.62 27424.678968
2.64 27419.557643
2.66 27414.473702
2.68 27409.426787
2.7 27404.41652
2.72 27399.440776
2.74 27390.827708
2.76 27381.954534
2.78 27373.175268
2.8 27371.101604
2.82 27365.441181
2.84 27363.408168
2.86 27361.39999
2.88 27359.397094
2.9 27356.273414
2.92 27353.090561
2.94 27351.13901
2.96 27349.211479
2.98 27347.288955
3 27345.380814
3.02 27343.486915
3.04 27341.607121
3.06 27339.741293
3.08 27337.898434
3.1 27336.059941
3.12 27334.235017
3.14 27332.423532
3.16 27330.625356
3.18 27328.840363
3.2 27322.951184
3.22 27314.768873
3.24 27306.637075
3.26 27298.555705
3.28 27290.524616
3.3 27282.552563
3.32 27274.62124
3.34 27266.739539
3.36 27262.128663
3.38 27259.682026
3.4 27256.034903
3.42 27254.666028
3.44 27253.298089
3.46 27251.939958
3.48 27250.591537
3.5 27249.25273
3.52 27247.923447
3.54 27246.61225
3.56 27245.301572
3.58 27244.000155
3.6 27242.707916
3.62 27241.424769
3.64 27240.1593
3.66 27238.893913
3.68 27237.637372
3.7 27236.389597
3.72 27235.150505
3.74 27232.510825
3.76 27230.621688
3.78 27226.072858
3.8 27218.783466
3.82 27211.538835
3.84 27204.338659
3.86 27197.182626
3.88 27190.07878
3.9 27183.010107
3.92 27180.624692
3.94 27179.673721
3.96 27178.729269
3.98 27177.799636
4 27176.86784
4.02 27175.942367
4.04 27175.023162
4.06 27174.110167
4.08 27173.203328
4.1 27172.310821
4.12 27171.415971
4.14 27170.527118
4.16 27169.644207
4.18 27168.767186
4.2 27167.904249
4.22 27167.038692
4.24 27166.178837
4.26 27162.395127
4.28 27161.439624
4.3 27158.791344
4.32 27157.972391
4.34 27157.150637
4.36 27156.334293
4.38 27155.523309
4.4 27154.71762
4.42 27153.132491
4.44 27150.045205
4.46 27146.968364
4.48 27143.910119
4.5 27140.870359
4.52 27137.84895
4.54 27134.853738
4.56 27131.868473
4.58 27128.901149
4.6 27125.951633
4.62 27123.019798
4.64 27120.105537
4.66 27117.216678
4.68 27114.338575
4.7 27112.987714
4.72 27112.396558
4.74 27109.083686
4.76 27108.505954
4.78 27106.148399
4.8 27105.581705
4.82 27105.018617
4.84 27104.459103
4.86 27103.903131
4.88 27103.358407
4.9 27102.809293
4.92 27102.263636
4.94 27101.721408
4.96 27101.182581
4.98 27100.647126
5 27100.122626
5.02 27099.593697
5.04 27099.068061
5.06 27098.545691
5.08 27098.026559
5.1 27097.510616
5.12 27091.59433
5.14 27085.655845
5.16 27079.749349
5.18 27073.874642
5.2 27071.208147
5.22 27069.793237
5.24 27067.89805
5.26 27067.514742
5.28 27067.133803
5.3 27066.755199
5.32 27066.378908
5.34 27066.012298
5.36 27065.640451
5.38 27065.270863
5.4 27064.903516
5.42 27064.538393
5.44 27064.175473
5.46 27063.822009
5.48 27063.463318
5.5 27063.106774
5.52 27062.752353
5.54 27062.400012
5.56 27060.436037
5.58 27060.090845
5.6 27055.069917
5.62 27049.550032
5.64 27044.061397
5.66 27040.31367
5.68 27040.065541
5.7 27039.811698
5.72 27039.55934
5.74 27039.308395
5.76 27039.058444
5.78 27037.953649
5.8 27036.228373
5.82 27035.986476
5.84 27035.746929
5.86 27035.508872
5.88 27035.272237
5.9 27035.044077
5.92 27034.810106
5.94 27034.577505
5.96 27034.346261
5.98 27034.102139
6 27032.370896
6.02 27030.825617
6.04 27025.595875
6.06 27020.396757
6.08 27017.585103
6.1 27017.425847
6.12 27017.274539
6.14 27017.117057
6.16 27016.960488
6.18 27016.804822
6.2 27016.650052
6.22 27016.496172
6.24 27016.350055
6.26 27016.197821
6.28 27016.046457
6.3 27015.895955
6.32 27015.74631
7.16 39435.382131
7.18 39403.998174
7.2 39122.3528
7.22 38898.760865
7.24 38737.332992
7.26 38733.322034
7.28 38602.620385
7.3 38402.816698
7.32 38252.738354
7.34 38033.708511
7.36 37833.598646
7.38 37637.98753
7.4 37439.837075
7.42 37244.832955
7.44 37058.062168
7.46 36895.214153
7.48 36816.679716
7.5 36671.629393
7.52 36505.596551
7.54 36342.904774
7.56 36183.592993
7.58 36027.678744
7.6 35875.21615
7.62 35727.028609
7.64 35633.078597
7.66 35564.902414
7.68 35416.210074
7.7 35269.806204
7.72 35126.168937
7.74 34985.330403
7.76 34847.298722
7.78 34711.999914
7.8 34579.524905
7.82 34450.436862
7.84 34332.559576
7.86 34235.597145
7.88 34143.216974
7.9 34053.654621
7.92 33966.370213
7.94 33881.226919
7.96 33798.136635
7.98 33716.895355
8 33637.70364
8.02 33560.375403
8.04 33484.854023
8.06 33411.085122
8.08 33339.016152
8.1 33268.516414
8.12 33199.681424
8.14 33132.399918
8.16 33066.622959
8.18 33002.299475
8.2 32939.372764
8.22 32872.356846
8.24 32784.89563
8.26 32699.183715
8.28 32622.731049
8.3 32540.351621
8.32 32459.620618
8.34 32380.447593
8.36 32302.821349
8.38 32226.704797
8.4 32152.061849
8.42 32078.857414
8.44 32018.317019
8.46 31947.815466
8.48 31878.65385
8.5 31810.800929
8.52 31741.999535
8.54 31668.869331
8.56 31603.999588
8.58 31541.151976
8.6 31479.468366
8.62 31418.923429
8.64 31359.490065
8.66 31301.166361
8.68 31243.880481
8.7 31187.632603
8.72 31132.399276
8.74 31080.948187
8.76 31035.067148
8.78 30982.704879
8.8 30931.24715
8.82 30882.157473
8.84 30882.142701
8.86 30882.131791
8.88 30832.837045
8.9 30781.866319
8.92 30731.677052
8.94 30682.275597
8.96 30633.646667
8.98 30585.775447
9 30538.669984
9.02 30507.877129
9.04 30489.37349
9.06 30470.963403
9.08 30452.296293
9.1 30432.290532
9.12 30406.929813
9.14 30380.895837
9.16 30347.074684
9.18 30299.240519
9.2 30251.176467
9.22 30203.683266
9.24 30156.905612
9.26 30111.176107
9.28 30069.332113
9.3 30052.04399
9.32 30043.507182
9.34 30035.717708
9.36 30028.19243
9.38 30020.86264
9.4 30013.694688
9.42 30006.66795
9.44 29999.761443
9.46 29992.957054
9.48 29979.380982
9.5 29946.923761
9.52 29912.593526
9.54 29883.468322
9.56 29852.468974
9.58 29817.525566
9.6 29780.457217
9.62 29757.082265
9.64 29719.617011
9.66 29684.352043
9.68 29669.72856
9.7 29647.807602
9.72 29625.536795
9.74 29598.351223
9.76 29571.556135
9.78 29550.114043
9.8 29527.022782
9.82 29501.319241
9.84 29483.232377
9.86 29480.217054
9.88 29477.268883
9.9 29474.343136
9.92 29471.301619
9.94 29467.874672
9.96 29462.669697
9.98 29447.06734
10 29418.392652
10.02 29395.491165
10.04 29369.762055
10.06 29361.1461
10.08 29359.138279
10.1 29357.759746
10.12 29351.726979
10.14 29325.780853
10.16 29300.138051
10.18 29292.783218
10.2 29292.486677
10.22 29292.157485
10.24 29291.733297
10.26 29285.940312
10.28 29264.866624
10.3 29244.06416
10.32 29223.528491
10.34 29203.25527
10.36 29183.255955
10.38 29161.400765
10.4 29140.013556
10.42 29115.128056
10.44 29089.632179
10.46 29072.43766
10.48 29067.58828
10.5 29050.050127
10.52 29031.955826
10.54 29014.084921
10.56 28996.433903
10.58 28979.014588
10.6 28961.79253
10.62 28944.780229
10.64 28927.97443
10.66 28911.371937
10.68 28894.969616
10.7 28878.77917
10.72 28862.767499
10.74 28846.946947
10.76 28831.314605
10.78 28815.867614
10.8 28800.618004
10.82 28785.532846
10.84 28770.624788
10.86 28760.116077
10.88 28745.537862
10.9 28731.129031
10.92 28716.901447
10.94 28702.823394
10.96 28688.368718
10.98 28671.02297
11 28657.439551
11.02 28639.343248
11.04 28617.561371
11.06 28596.261272
11.08 28575.821303
11.1 28557.440136
11.12 28544.56421
11.14 28538.890435
11.16 28536.559883
11.18 28535.319897
11.2 28524.438731
11.22 28508.978577
11.24 28493.677926
11.26 28478.548885
11.28 28463.561843
11.3 28448.728818
11.32 28434.047806
11.34 28419.516826
11.36 28405.133926
11.38 28390.910399
11.4 28376.817509
11.42 28362.867032
11.44 28349.057133
11.46 28335.386009
11.48 28321.865139
11.5 28308.465859
11.52 28295.200121
11.54 28282.066238
11.56 28269.062556
11.58 28256.187467
11.6 28243.45233
11.62 28230.829647
11.64 28218.332481
11.66 28206.075605
11.68 28196.739824
11.7 28183.963403
11.72 28169.555197
11.74 28157.642075
11.76 28145.852104
11.78 28134.175371
11.8 28119.786969
11.82 28103.354618
11.84 28087.055388
11.86 28070.90314
11.88 28054.898211
11.9 28039.040842
11.92 28026.497999
11.94 28019.239814
11.96 28012.041431
11.98 28004.914471
12 27997.858011
12.02 27990.871142
12.04 27983.952953
12.06 27977.114417
12.08 27970.329418
12.1 27961.720894
12.12 27951.963511
12.14 27945.382544
12.16 27938.886588
12.18 27932.441308
12.2 27926.058112
12.22 27919.736203
12.24 27913.474813
12.26 27907.273191
12.28 27901.142283
12.3 27895.057676
12.32 27889.030665
12.34 27883.060544
12.36 27877.14661
12.38 27868.126442
12.4 27862.332551
12.42 27854.655624
12.44 27843.251837
12.46 27833.853649
12.48 27827.464936
12.5 27823.795848
12.52 27821.674364
12.54 27820.306188
12.56 27817.886851
12.58 27812.55726
12.6 27807.276144
12.62 27802.054195
12.64 27796.868243
12.66 27791.729193
12.68 27786.636497
12.7 27781.589615
12.72 27776.599203
12.74 27771.64207
12.76 27766.729181
12.78 27761.860025
12.8 27757.034099
12.82 27752.250907
12.84 27743.225884
12.86 27731.010471
12.88 27718.877528
12.9 27706.832236
12.92 27694.877212
12.94 27683.013859
12.96 27671.2533
12.98 27659.575153
13 27647.990506
13.02 27636.499914
13.04 27625.104155
13.06 27613.814568
13.08 27602.612252
13.1 27597.002943
13.12 27589.121922
13.14 27585.503991
13.16 27581.917096
13.18 27578.371217
13.2 27574.844817
13.22 27571.348295
13.24 27567.881322
13.26 27564.443574
13.28 27561.034732
13.3 27557.664723
13.32 27554.312504
13.34 27550.988261
13.36 27547.691694
13.38 27544.422501
13.4 27541.190655
13.42 27537.975087
13.44 27534.786025
13.46 27531.623185
13.48 27528.486288
13.5 27525.375054
13.52 27522.045529
13.54 27516.610417
13.56 27508.776374
13.58 27499.993237
13.6 27494.311553
13.62 27491.416212
13.64 27489.817108
13.66 27488.816986
13.68 27488.102693
13.7 27487.532276
13.72 27487.017002
13.74 27483.545696
13.76 27478.001365
13.78 27472.488985
13.8 27467.016164
13.82 27461.583548
