2.5 27473.658241
2.52 27470.981433
2.54 27468.315635
2.56 27465.670648
2.58 27461.847856
2.6 27453.37624
2.62 27444.592555
2.64 27435.659006
2.66 27426.671042
2.68 27417.673055
2.7 27408.689645
2.72 27399.737039
2.74 27394.514616
2.76 27389.61214
2.78 27382.424584
2.8 27373.589523
2.82 27369.044232
2.84 27367.00214
2.86 27364.982249
2.88 27360.937118
2.9 27357.412367
2.92 27355.439271
2.94 27353.481804
2.96 27351.548445
2.98 27349.620145
3 27347.706267
3.02 27345.806666
3.04 27343.921197
3.06 27342.049725
3.08 27340.201249
3.1 27338.357165
3.12 27336.526676
3.14 27334.709651
3.16 27332.90596
3.18 27331.115246
3.2 27327.07739
3.22 27323.488229
3.24 27315.330272
3.26 27307.224851
3.28 27299.171592
3.3 27291.179077
3.32 27283.228779
3.34 27275.329471
3.36 27267.480781
3.38 27260.723382
3.4 27259.327797
3.42 27257.951268
3.44 27256.575686
3.46 27255.209941
3.48 27253.853937
3.5 27252.507581
3.52 27251.170781
3.54 27249.8521
3.56 27248.53397
3.58 27247.225134
3.6 27245.925508
3.62 27244.635006
3.64 27243.362213
3.66 27242.089534
3.68 27240.825732
3.7 27239.570725
3.72 27238.324418
3.74 27233.92003
3.76 27232.706366
3.78 27229.412716
3.8 27228.212092
3.82 27227.019753
3.84 27225.835624
3.86 27224.65963
3.88 27223.500059
3.9 27222.339953
3.92 27221.187767
3.94 27220.043432
3.96 27218.906878
3.98 27217.786412
4 27216.665048
4.02 27215.551257
4.04 27214.444941
4.06 27212.220065
4.08 27208.759626
4.1 27205.328971
4.12 27201.911431
4.14 27198.515251
4.16 27194.352684
4.18 27187.441751
4.2 27180.579339
4.22 27173.748635
4.24 27166.957741
4.26 27165.324687
4.28 27161.55451
4.3 27160.716269
4.32 27159.893195
4.34 27159.067326
4.36 27158.246834
4.38 27157.431486
4.4 27156.244261
4.42 27153.917395
4.44 27153.13013
4.46 27152.339997
4.48 27151.555013
4.5 27150.775128
4.52 27150.000298
4.54 27149.238463
4.56 27148.473467
4.58 27147.713401
4.6 27146.958222
4.62 27146.207888
4.64 27140.22995
4.66 27133.844729
4.68 27127.487398
4.7 27121.165653
4.72 27114.879254
4.74 27111.809661
4.76 27110.136597
4.78 27107.939963
4.8 27107.369605
4.82 27106.802893
4.84 27106.239777
4.86 27105.680221
4.88 27105.13193
4.9 27104.579264
4.92 27104.03007
4.94 27103.484319
4.96 27102.941982
4.98 27102.40303
5 27101.875047
5.02 27101.342649
5.04 27100.813555
5.06 27100.287739
5.08 27099.765169
5.1 27097.557464
5.12 27097.005392
5.14 27093.187682
5.16 27087.287644
5.18 27081.420717
5.2 27075.586862
5.22 27070.823133
5.24 27070.432406
5.26 27070.044249
5.28 27069.658471
5.3 27069.275046
5.32 27068.893952
5.34 27068.522555
5.36 27068.145939
5.38 27067.771599
5.4 27067.399516
5.42 27067.029671
5.44 27066.662046
5.46 27066.303889
5.48 27065.940514
5.5 27065.579284
5.52 27065.220142
5.54 27064.441667
5.56 27062.056919
5.58 27060.62082
5.6 27059.253811
5.62 27056.834073
5.64 27054.427277
5.66 27052.03354
5.68 27049.659977
5.7 27047.292051
5.72 27044.936989
5.74 27042.594763
5.76 27040.265722
5.78 27038.820157
5.8 27038.572666
5.82 27038.327428
5.84 27038.083725
5.86 27037.841479
5.88 27037.60066
5.9 27037.368327
5.92 27037.130196
5.94 27036.89345
5.96 27036.65807
5.98 27034.117161
6 27033.887775
6.02 27032.153379
6.04 27031.930069
6.06 27031.708063
6.08 27031.487345
6.1 27031.267906
6.12 27031.056719
6.14 27030.839696
6.16 27030.623924
6.18 27030.409393
6.2 27030.196095
6.22 27029.98402
6.24 27029.78004
6.26 27029.570272
6.28 27029.361702
6.3 27029.154319
6.32 27028.948114
7.16 39582.675747
7.18 39415.299816
7.2 39145.678126
7.22 39130.272411
7.24 39019.905698
7.26 38808.24989
7.28 38705.381823
7.3 38477.442063
7.32 38264.365108
7.34 38046.273685
7.36 37835.75975
7.38 37657.175808
7.4 37483.492576
7.42 37314.283995
7.44 37149.957353
7.46 36990.060208
7.48 36834.448056
7.5 36682.932147
7.52 36535.402473
7.54 36391.502502
7.56 36251.356104
7.58 36114.556985
7.6 35980.654833
7.62 35848.548946
7.64 35713.496047
7.66 35582.298178
7.68 35439.754634
7.7 35296.008546
7.72 35153.692804
7.74 35013.598066
7.76 34876.005238
7.78 34740.928001
7.8 34608.408599
7.82 34478.444605
7.84 34351.138828
7.86 34252.659808
7.88 34250.586051
7.9 34250.140638
7.92 34249.775762
7.94 34189.339556
7.96 34105.303892
7.98 34023.235434
8 33943.12872
8.02 33853.429974
8.04 33745.839185
8.06 33640.499601
8.08 33537.35421
8.1 33436.374206
8.12 33337.450838
8.14 33240.5602
8.16 33145.651543
8.18 33052.675589
8.2 32961.584467
8.22 32877.744316
8.24 32792.529897
8.26 32706.780019
8.28 32634.56491
8.3 32552.109051
8.32 32471.30125
8.34 32392.052128
8.36 32314.350545
8.38 32238.159426
8.4 32163.442688
8.42 32090.165242
8.44 32025.76362
8.46 31970.067743
8.48 31892.657786
8.5 31816.62389
8.52 31744.226389
8.54 31678.90068
8.56 31614.818018
8.58 31549.532183
8.6 31479.770904
8.62 31419.593246
8.64 31370.045459
8.66 31311.657767
8.68 31254.308586
8.7 31197.998084
8.72 31142.702798
8.74 31088.399892
8.76 31056.670361
8.78 31032.995923
8.8 31009.832164
8.82 30987.156893
8.84 30937.295245
8.86 30884.649044
8.88 30882.123667
8.9 30882.133221
8.92 30880.496531
8.94 30860.315368
8.96 30840.185732
8.98 30801.035309
9 30746.308375
9.02 30692.083642
9.04 30638.647302
9.06 30586.18629
9.08 30535.03434
9.1 30486.171525
9.12 30442.815118
9.14 30400.628967
9.16 30372.622862
9.18 30359.193697
9.2 30346.864154
9.22 30334.930389
9.24 30323.218127
9.26 30311.632157
9.28 30299.829715
9.3 30286.911747
9.32 30257.769795
9.34 30221.063768
9.36 30184.908538
9.38 30149.313252
9.4 30114.267013
9.42 30079.759177
9.44 30045.779339
9.46 30012.33595
9.48 29983.979431
9.5 29948.04
9.52 29914.956954
9.54 29888.667745
9.56 29855.252556
9.58 29821.911721
9.6 29791.807414
9.62 29762.147606
9.64 29732.923986
9.66 29704.128485
9.68 29675.771181
9.7 29653.120095
9.72 29633.585573
9.74 29606.361364
9.76 29579.527971
9.78 29553.078316
9.8 29549.805389
9.82 29549.512434
9.84 29549.234642
9.86 29548.960459
9.88 29548.674231
9.9 29548.349742
9.92 29547.628823
9.94 29522.665333
9.96 29491.549742
9.98 29468.527583
10 29437.955251
10.02 29411.101414
10.04 29404.89447
10.06 29403.917547
10.08 29403.51088
10.1 29378.018146
10.12 29356.576921
10.14 29355.489332
10.16 29354.41876
10.18 29353.340391
10.2 29350.816856
10.22 29328.902649
10.24 29307.289746
10.26 29290.714182
10.28 29269.620274
10.3 29248.797734
10.32 29228.242128
10.34 29207.949103
10.36 29187.417594
10.38 29163.494362
10.4 29143.982698
10.42 29124.716958
10.44 29105.693186
10.46 29086.923303
10.48 29068.371418
10.5 29054.590647
10.52 29036.477776
10.54 29018.588426
10.56 29000.91909
10.58 28983.481583
10.6 28966.241457
10.62 28949.211213
10.64 28932.387592
10.66 28915.7674
10.68 28899.3475
10.7 28883.139594
10.72 28867.110581
10.74 28851.272805
10.76 28835.623353
10.78 28820.159368
10.8 28804.892878
10.82 28789.790952
10.84 28774.866238
10.86 28763.538612
10.88 28751.912309
10.9 28737.478441
10.92 28723.225994
10.94 28709.123214
10.96 28688.907371
10.98 28675.15083
11 28661.49218
11.02 28644.011003
11.04 28630.748985
11.06 28617.622931
11.08 28604.645081
11.1 28591.813294
11.12 28579.125461
11.14 28566.593509
11.16 28554.186883
11.18 28540.06715
11.2 28529.785644
11.22 28517.786872
11.24 28505.920181
11.26 28494.197309
11.28 28482.588796
11.3 28471.106882
11.32 28459.749795
11.34 28448.515795
11.36 28437.403171
11.38 28426.423456
11.4 28415.548153
11.42 28404.789274
11.44 28394.145219
11.46 28383.614416
11.48 28373.208573
11.5 28362.899254
11.52 28352.698631
11.54 28337.907098
11.56 28319.763525
11.58 28301.942499
11.6 28284.555202
11.62 28267.770089
11.64 28251.929389
11.66 28236.932498
11.68 28220.894441
11.7 28203.979493
11.72 28186.951462
11.74 28169.972793
11.76 28153.108582
11.78 28136.377962
11.8 28122.612131
11.82 28111.170676
11.84 28099.825727
11.86 28088.588708
11.88 28077.458282
11.9 28066.43315
11.92 28055.512035
11.94 28044.705938
11.96 28033.988756
11.98 28023.371887
12 28012.854137
12.02 28002.434334
12.04 27992.111341
12.06 27981.896063
12.08 27971.764199
12.1 27963.615597
12.12 27956.962536
12.14 27950.374749
12.16 27943.862768
12.18 27937.401426
12.2 27931.002237
12.22 27924.664423
12.24 27918.38722
12.26 27912.169877
12.28 27906.023342
12.3 27899.923199
12.32 27893.880742
12.34 27887.895262
12.36 27880.137975
12.38 27871.299913
12.4 27865.495677
12.42 27856.59284
12.44 27850.906541
12.46 27845.273095
12.48 27839.691852
12.5 27834.173617
12.52 27828.694614
12.54 27823.266007
12.56 27819.305439
12.58 27815.63219
12.6 27810.342415
12.62 27805.111274
12.64 27799.916083
12.66 27794.767812
12.68 27789.665931
12.7 27784.609907
12.72 27779.610398
12.74 27774.644217
12.76 27769.722327
12.78 27764.844219
12.8 27760.00939
12.82 27755.217338
12.84 27747.520889
12.86 27739.059302
12.88 27727.102041
12.9 27715.181447
12.92 27703.314512
12.94 27691.511773
12.96 27679.790559
12.98 27668.1338
13 27656.555263
13.02 27645.056867
13.04 27633.639888
13.06 27622.315798
13.08 27611.063654
13.1 27599.894814
13.12 27593.341942
13.14 27589.712186
13.16 27586.113385
13.18 27582.555661
13.2 27579.017479
13.22 27575.509237
13.24 27572.030605
13.26 27568.58126
13.28 27565.160882
13.3 27561.779396
13.32 27558.415759
13.34 27555.080159
13.36 27551.772292
13.38 27548.491858
13.4 27545.248829
13.42 27542.022134
13.44 27538.822003
13.46 27535.648149
13.48 27532.500292
13.5 27529.378146
13.52 27522.299327
13.54 27518.562919
13.56 27513.581431
13.58 27510.577007
13.6 27507.596891
13.62 27504.640825
13.64 27501.718396
13.66 27498.80945
13.68 27495.923809
13.7 27493.061205
13.72 27489.181706
13.74 27486.583604
13.76 27484.619248
13.78 27481.846362
13.8 27479.095381
13.82 27476.366082
