2.5 27555.276222
2.52 27552.181629
2.54 27549.101143
2.56 27546.044529
2.58 27543.011475
2.6 27538.113188
2.62 27532.446252
2.64 27526.810662
2.66 27521.216015
2.68 27515.661968
2.7 27510.148191
2.72 27504.674387
2.74 27499.249832
2.76 27493.85542
2.78 27488.502048
2.8 27483.201698
2.82 27478.682564
2.84 27473.692512
2.86 27467.469078
2.88 27462.282246
2.9 27457.14819
2.92 27452.050615
2.94 27443.375986
2.96 27434.463165
2.98 27425.594167
3 27418.336662
3.02 27416.101549
3.04 27413.882963
3.06 27411.680646
3.08 27409.503433
3.1 27407.329215
3.12 27403.025724
3.14 27399.512094
3.16 27397.396771
3.18 27395.297463
3.2 27393.222434
3.22 27391.153363
3.24 27389.09925
3.26 27387.059949
3.28 27385.035316
3.3 27383.034196
3.32 27381.0383
3.34 27379.056666
3.36 27377.089157
3.38 27373.014076
3.4 27370.937614
3.42 27365.298652
3.44 27357.144643
3.46 27349.041674
3.48 27340.989421
3.5 27332.987541
3.52 27325.035684
3.54 27317.142139
3.56 27309.289092
3.58 27302.255805
3.6 27299.666153
3.62 27298.127737
3.64 27296.609384
3.66 27295.092897
3.68 27293.58695
3.7 27292.091427
3.72 27290.606227
3.74 27289.131251
3.76 27287.674919
3.78 27286.219944
3.8 27284.77492
3.82 27283.339756
3.84 27281.914366
3.86 27280.498662
3.88 27279.100918
3.9 27277.704161
3.92 27276.316831
3.94 27273.097816
3.96 27270.419594
3.98 27267.000935
4 27265.661887
4.02 27264.331835
4.04 27263.010685
4.06 27261.698359
4.08 27260.394778
4.1 27259.1081
4.12 27257.821627
4.14 27256.543677
4.16 27255.274176
4.18 27254.013051
4.2 27252.768477
4.22 27251.523732
4.24 27250.287151
4.26 27249.058664
4.28 27247.8382
4.3 27246.625688
4.32 27245.429127
4.34 27240.579819
4.36 27233.619013
4.38 27226.697873
4.4 27219.816154
4.42 27212.973598
4.44 27206.177867
4.46 27199.412724
4.48 27196.757068
4.5 27193.752674
4.52 27191.931671
4.54 27190.99687
4.56 27190.059976
4.58 27189.129059
4.6 27188.204067
4.62 27187.284944
4.64 27186.371633
4.66 27185.471906
4.68 27184.569715
4.7 27183.437826
4.72 27180.902972
4.74 27180.021751
4.76 27179.146156
4.78 27178.283777
4.8 27177.418981
4.82 27176.559587
4.84 27175.70555
4.86 27171.779791
4.88 27165.413434
4.9 27159.07416
4.92 27152.769565
4.94 27147.136813
4.96 27144.223253
4.98 27141.326616
5 27137.351883
5.02 27135.58896
5.04 27133.313591
5.06 27132.654821
5.08 27132.001365
5.1 27131.35201
5.12 27130.71414
5.14 27130.072595
5.16 27129.43496
5.18 27128.801201
5.2 27128.171286
5.22 27127.552685
5.24 27126.930233
5.26 27126.311533
5.28 27125.696556
5.3 27125.085272
5.32 27124.477649
5.34 27122.326355
5.36 27121.551369
5.38 27117.829159
5.4 27111.965686
5.42 27106.133902
5.44 27100.333695
5.46 27094.572298
5.48 27092.518831
5.5 27092.05356
5.52 27091.591069
5.54 27091.131315
5.56 27090.681555
5.58 27090.227078
5.6 27089.77527
5.62 27089.326111
5.64 27088.87958
5.66 27088.435657
5.68 27088.001492
5.7 27087.562602
5.72 27087.126259
5.74 27086.692445
5.76 27086.261137
5.78 27085.839495
5.8 27083.133533
5.82 27082.532688
5.84 27080.498442
5.86 27080.086771
5.88 27079.677479
5.9 27079.277617
5.92 27078.872898
5.94 27078.470478
5.96 27077.281942
5.98 27074.878081
6 27072.486734
6.02 27070.114915
6.04 27067.74851
6.06 27065.394534
6.08 27063.052915
6.1 27060.72359
6.12 27058.41353
6.14 27056.109133
6.16 27054.8099
6.18 27054.512058
6.2 27054.216506
6.22 27053.922696
6.24 27052.600292
6.26 27051.038998
6.28 27049.235762
6.3 27048.955001
6.32 27048.675955
7.28 39313.625778
7.3 39297.35304
7.32 38724.586141
7.34 38721.220959
7.36 38718.299314
7.38 38594.137121
7.4 38401.008165
7.42 38346.861821
7.44 38285.90105
7.46 38078.248344
7.48 37875.527435
7.5 37679.429371
7.52 37496.213511
7.54 37308.381906
7.56 37124.925862
7.58 36946.160325
7.6 36772.261808
7.62 36602.820945
7.64 36438.809625
7.66 36301.565851
7.68 36167.760641
7.7 36037.274802
7.72 35909.9841
7.74 35785.751651
7.76 35664.275946
7.78 35549.640835
7.8 35428.988998
7.82 35313.337235
7.84 35194.568696
7.86 35068.03979
7.88 34938.026118
7.9 34808.541635
7.92 34680.810401
7.94 34555.168418
7.96 34431.717293
7.98 34310.589312
8 34220.991762
8.02 34104.872472
8.04 33990.177886
8.06 33877.530737
8.08 33768.55357
8.1 33666.947061
8.12 33567.179499
8.14 33469.242548
8.16 33373.097842
8.18 33302.166121
8.2 33238.381558
8.22 33176.20057
8.24 33115.444717
8.26 33056.060915
8.28 32997.999682
8.3 32941.219631
8.32 32885.707479
8.34 32831.376793
8.36 32778.221771
8.38 32726.213132
8.4 32675.362846
8.42 32663.367989
8.44 32662.429862
8.46 32590.27555
8.48 32513.308979
8.5 32437.777944
8.52 32366.57491
8.54 32290.891198
8.56 32219.494832
8.58 32149.382853
8.6 32078.991688
8.62 32003.449997
8.64 31929.19496
8.66 31856.485958
8.68 31790.974592
8.7 31747.593578
8.72 31692.863718
8.74 31632.215846
8.76 31572.636802
8.78 31514.125272
8.8 31456.613649
8.82 31400.102883
8.84 31351.160438
8.86 31296.551653
8.88 31242.880632
8.9 31190.148153
8.92 31138.291662
8.94 31087.314015
8.96 31037.196547
8.98 30987.92109
9 30939.490992
9.02 30891.845947
9.04 30854.588019
9.06 30816.782959
9.08 30795.065564
9.1 30773.694293
9.12 30727.794679
9.14 30681.279193
9.16 30665.049049
9.18 30649.146407
9.2 30633.457722
9.22 30617.704245
9.24 30584.793268
9.26 30536.956103
9.28 30488.649017
9.3 30440.685482
9.32 30393.383769
9.34 30347.05928
9.36 30302.331126
9.38 30261.669328
9.4 30234.511431
9.42 30216.644376
9.44 30202.313062
9.46 30189.240786
9.48 30176.767797
9.5 30164.676554
9.52 30152.859613
9.54 30141.245149
9.56 30129.769022
9.58 30118.297751
9.6 30106.591725
9.62 30093.869597
9.64 30076.840052
9.66 30047.910907
9.68 30010.866707
9.7 29972.116331
9.72 29933.470396
9.74 29906.62895
9.76 29872.470222
9.78 29836.186422
9.8 29815.170988
9.82 29783.320785
9.84 29751.880808
9.86 29739.324215
9.88 29736.304548
9.9 29717.199627
9.92 29690.376336
9.94 29663.921439
9.96 29637.828532
9.98 29617.164284
10 29594.409336
10.02 29574.352958
10.04 29549.589099
10.06 29547.194541
10.08 29546.976781
10.1 29546.722083
10.12 29546.273822
10.14 29528.208642
10.16 29497.421479
10.18 29467.736649
10.2 29446.305568
10.22 29419.688009
10.24 29405.948185
10.26 29404.187433
10.28 29403.647883
10.3 29403.353655
10.32 29402.6408
10.34 29377.397039
10.36 29352.458182
10.38 29346.128431
10.4 29345.237895
10.42 29344.252714
10.44 29342.913637
10.46 29339.207574
10.48 29320.666111
10.5 29298.885967
10.52 29277.976476
10.54 29249.41647
10.56 29221.040356
10.58 29193.060111
10.6 29165.720458
10.62 29142.706757
10.64 29134.98223
10.66 29132.429713
10.68 29131.113133
10.7 29125.996817
10.72 29108.073908
10.74 29090.362971
10.76 29072.860808
10.78 29059.930334
10.8 29042.834121
10.82 29025.922203
10.84 29009.206965
10.86 28992.685484
10.88 28976.354894
10.9 28960.212377
10.92 28944.269545
10.94 28928.494435
10.96 28912.899252
10.98 28897.481369
11 28882.23821
11.02 28867.167241
11.04 28852.279923
11.06 28837.545436
11.08 28822.291143
11.1 28804.463003
11.12 28790.231458
11.14 28776.171754
11.16 28762.253141
11.18 28748.487898
11.2 28734.87386
11.22 28721.408898
11.24 28708.090918
11.26 28694.931449
11.28 28681.900695
11.3 28666.665184
11.32 28650.54214
11.34 28634.582421
11.36 28618.784042
11.38 28603.158179
11.4 28587.675964
11.42 28572.349051
11.44 28557.175547
11.46 28542.154209
11.48 28533.123506
11.5 28532.469983
11.52 28531.659408
11.54 28524.67047
11.56 28513.445652
11.58 28502.337168
11.6 28491.356371
11.62 28480.475561
11.64 28469.706513
11.66 28451.364273
11.68 28432.670266
11.7 28414.144536
11.72 28395.810059
11.74 28377.650869
11.76 28359.690302
11.78 28341.94341
11.8 28324.433757
11.82 28307.212509
11.84 28290.325675
11.86 28273.91583
11.88 28258.53126
11.9 28246.372093
11.92 28234.342122
11.94 28222.448028
11.96 28210.652067
11.98 28198.964866
12 28187.38564
12.02 28175.913293
12.04 28164.546636
12.06 28153.296399
12.08 28142.13714
12.1 28131.079945
12.12 28120.123625
12.14 28109.267006
12.16 28098.520913
12.18 28087.859919
12.2 28077.295248
12.22 28066.825911
12.24 28056.45235
12.26 28048.318098
12.28 28041.328287
12.3 28034.392914
12.32 28027.522719
12.34 28020.716846
12.36 28013.974499
12.38 28007.306619
12.4 28000.688706
12.42 27994.132049
12.44 27987.635917
12.46 27981.199584
12.48 27974.822339
12.5 27967.789971
12.52 27957.466983
12.54 27951.276601
12.56 27942.000563
12.58 27935.93252
12.6 27929.919381
12.62 27923.971662
12.64 27918.066117
12.66 27912.213582
12.68 27906.413441
12.7 27900.665089
12.72 27894.979117
12.74 27889.332269
12.76 27883.735448
12.78 27878.188082
12.8 27872.689603
12.82 27867.239457
12.84 27861.848021
12.86 27856.492618
12.88 27851.183926
12.9 27845.921419
12.92 27840.704575
12.94 27835.532882
12.96 27830.416515
12.98 27825.333332
13 27814.172443
13.02 27803.096364
13.04 27792.629262
13.06 27781.784267
13.08 27770.536951
13.1 27759.087909
13.12 27747.555981
13.14 27736.006361
13.16 27724.47566
13.18 27712.995739
13.2 27701.558793
13.22 27690.183775
13.24 27678.876109
13.26 27667.639387
13.28 27659.99644
13.3 27656.096325
13.32 27652.21816
13.34 27648.372084
13.36 27644.557755
13.38 27640.77483
13.4 27637.033242
13.42 27633.311881
13.44 27629.620935
13.46 27625.960084
13.48 27622.329007
13.5 27618.72739
13.52 27615.164971
13.54 27611.621112
13.56 27608.105798
13.58 27604.618731
13.6 27601.159616
13.62 27597.728162
13.64 27594.333918
13.66 27590.956695
13.68 27585.469989
13.7 27580.313537
13.72 27574.41297
13.74 27571.168671
13.76 27567.939929
13.78 27564.736571
13.8 27561.558337
13.82 27558.404972
