2.5 27557.848514
2.52 27554.747118
2.54 27551.659769
2.56 27548.595458
2.58 27543.831303
2.6 27540.002081
2.62 27537.025336
2.64 27534.061652
2.66 27531.120681
2.68 27528.202195
2.7 27525.30597
2.72 27522.431785
2.74 27519.588905
2.76 27516.757937
2.78 27512.240028
2.8 27504.070156
2.82 27496.462466
2.84 27488.302987
2.86 27479.444443
2.88 27470.411181
2.9 27461.365324
2.92 27452.34949
2.94 27446.990926
2.96 27441.975223
2.98 27436.985319
3 27432.030389
3.02 27427.110115
3.04 27422.224196
3.06 27417.372361
3.08 27412.563601
3.1 27407.782677
3.12 27405.180524
3.14 27403.041344
3.16 27400.918101
3.18 27398.810352
3.2 27396.726864
3.22 27394.649361
3.24 27392.586849
3.26 27390.539184
3.28 27388.506225
3.3 27386.496816
3.32 27384.492668
3.34 27382.502817
3.36 27380.527109
3.38 27375.13565
3.4 27373.195655
3.42 27369.02586
3.44 27367.118693
3.46 27365.224992
3.48 27363.344632
3.5 27361.477492
3.52 27359.623449
3.54 27357.791038
3.56 27355.962656
3.58 27354.147021
3.6 27352.344014
3.62 27350.553523
3.64 27348.784102
3.66 27347.018128
3.68 27345.264335
3.7 27343.522613
3.72 27341.792855
3.74 27340.074953
3.76 27338.377314
3.78 27333.655303
3.8 27325.929275
3.82 27318.24778
3.84 27310.610811
3.86 27303.018299
3.88 27295.478458
3.9 27287.974306
3.92 27280.514165
3.94 27274.93886
3.96 27273.569327
3.98 27269.075535
4 27267.731876
4.02 27266.397248
4.04 27265.071544
4.06 27263.754683
4.08 27262.446587
4.1 27261.155412
4.12 27259.86446
4.14 27258.582048
4.16 27257.308102
4.18 27256.042548
4.2 27254.79356
4.22 27253.544413
4.24 27252.303437
4.26 27251.070549
4.28 27249.845635
4.3 27248.628277
4.32 27246.498022
4.34 27242.99499
4.36 27239.512634
4.38 27234.50614
4.4 27227.613955
4.42 27220.761601
4.44 27213.956768
4.46 27207.183129
4.48 27200.448556
4.5 27195.79615
4.52 27194.841114
4.54 27193.900233
4.56 27192.957275
4.58 27192.020312
4.6 27191.089286
4.62 27190.164128
4.64 27189.244725
4.66 27188.33841
4.68 27186.585773
4.7 27183.678842
4.72 27182.783957
4.74 27181.898768
4.76 27181.019266
4.78 27180.153026
4.8 27179.284396
4.82 27178.421187
4.84 27177.563329
4.86 27174.856825
4.88 27172.948223
4.9 27166.604362
4.92 27160.295755
4.94 27154.022228
4.96 27147.783583
4.98 27141.579683
5 27138.455186
5.02 27136.683814
5.04 27136.016081
5.06 27135.353213
5.08 27134.694506
5.1 27134.039854
5.12 27133.396693
5.14 27132.749873
5.16 27132.106981
5.18 27131.467985
5.2 27130.832851
5.22 27130.209051
5.24 27129.581419
5.26 27128.957558
5.28 27128.337439
5.3 27127.721029
5.32 27127.108283
5.34 27123.881053
5.36 27123.280227
5.38 27120.957792
5.4 27120.367745
5.42 27119.781212
5.44 27119.198164
5.46 27118.625845
5.48 27118.049562
5.5 27117.476685
5.52 27116.907188
5.54 27116.341045
5.56 27115.785512
5.58 27115.225874
5.6 27114.669515
5.62 27114.116407
5.64 27113.566525
5.66 27113.019835
5.68 27112.3069
5.7 27109.716409
5.72 27105.65204
5.74 27099.977369
5.76 27094.331671
5.78 27088.721901
5.8 27085.413024
5.82 27084.738443
5.84 27082.115741
5.86 27081.701046
5.88 27081.288743
5.9 27080.885844
5.92 27080.477903
5.94 27079.696922
5.96 27078.070511
5.98 27077.67266
6 27077.277123
6.02 27076.890815
6.04 27076.49966
6.06 27076.110726
6.08 27075.723997
6.1 27075.339456
6.12 27074.964071
6.14 27074.583744
6.16 27073.881635
6.18 27068.520053
6.2 27063.184932
6.22 27057.876126
6.24 27053.637455
6.26 27053.346694
6.28 27050.754199
6.3 27050.470823
6.32 27050.189087
7.28 39324.944368
7.3 39308.677024
7.32 39065.114967
7.34 38996.652578
7.36 38792.627946
7.38 38715.639383
7.4 38702.432793
7.42 38498.752788
7.44 38296.735681
7.46 38090.310052
7.48 37888.226328
7.5 37695.718398
7.52 37513.390377
7.54 37327.229759
7.56 37146.689785
7.58 36976.98931
7.6 36849.192575
7.62 36742.192351
7.64 36583.268796
7.66 36427.018163
7.68 36273.875347
7.7 36123.83491
7.72 35976.8839
7.74 35833.134491
7.76 35694.229165
7.78 35629.54276
7.8 35497.589273
7.82 35359.44123
7.84 35229.17647
7.86 35103.236712
7.88 34971.15039
7.9 34840.548843
7.92 34712.245716
7.94 34586.29933
7.96 34462.707574
7.98 34341.595269
8 34253.092607
8.02 34250.818789
8.04 34250.313633
8.06 34166.641737
8.08 34083.995285
8.1 34003.094991
8.12 33924.128551
8.14 33846.9188
8.16 33771.414787
8.18 33697.567186
8.2 33625.327906
8.22 33554.542973
8.24 33485.375509
8.26 33417.673287
8.28 33351.371843
8.3 33261.900412
8.32 33172.175089
8.34 33084.157341
8.36 32997.833004
8.38 32913.162183
8.4 32830.106061
8.42 32748.626869
8.44 32668.712605
8.46 32597.576032
8.48 32520.572153
8.5 32445.00316
8.52 32370.836444
8.54 32298.039912
8.56 32226.605178
8.58 32155.794266
8.6 32080.549747
8.62 32012.966617
8.64 31946.605386
8.66 31881.461716
8.68 31817.461863
8.7 31754.604239
8.72 31699.670867
8.74 31638.985982
8.76 31579.370182
8.78 31520.822164
8.8 31463.274325
8.82 31406.727621
8.84 31359.787616
8.86 31306.652766
8.88 31252.92338
8.9 31200.133133
8.92 31148.219464
8.94 31097.185219
8.96 31047.01173
8.98 30997.68082
9 30949.195834
9.02 30901.496458
9.04 30882.139732
9.06 30872.12972
9.08 30823.28298
9.1 30775.19542
9.12 30752.668292
9.14 30731.811736
9.16 30710.909859
9.18 30689.308597
9.2 30664.623151
9.22 30630.17298
9.24 30600.773108
9.26 30560.296047
9.28 30511.197559
9.3 30462.273505
9.32 30413.945523
9.34 30366.348385
9.36 30319.612429
9.38 30274.655186
9.4 30242.693773
9.42 30230.628371
9.44 30220.672836
9.46 30211.169731
9.48 30201.901287
9.5 30192.833711
9.52 30183.942434
9.54 30175.209405
9.56 30166.631063
9.58 30158.130431
9.6 30149.595698
9.62 30121.697742
9.64 30085.780593
9.66 30050.345027
9.68 30015.401212
9.7 29980.906166
9.72 29946.86977
9.74 29913.283912
9.76 29880.142602
9.78 29847.4374
9.8 29817.815757
9.82 29808.631861
9.84 29799.926371
9.86 29771.958845
9.88 29744.379739
9.9 29722.363893
9.92 29695.51751
9.94 29669.039697
9.96 29642.924046
9.98 29617.37353
10 29599.437513
10.02 29590.264925
10.04 29586.119117
10.06 29581.882451
10.08 29577.270724
10.1 29571.050182
10.12 29556.27685
10.14 29543.047179
10.16 29513.939274
10.18 29481.77853
10.2 29451.676621
10.22 29442.872282
10.24 29439.829159
10.26 29437.455826
10.28 29435.314522
10.3 29428.20898
10.32 29403.149689
10.34 29402.94535
10.36 29402.751332
10.38 29402.47389
10.4 29401.988556
10.42 29400.449695
10.44 29379.793565
10.46 29355.380839
10.48 29336.316386
10.5 29307.744298
10.52 29294.084922
10.54 29277.379009
10.56 29257.639064
10.58 29238.154141
10.6 29218.889466
10.62 29199.857217
10.64 29181.053823
10.66 29162.475778
10.68 29144.119641
10.7 29130.232699
10.72 29112.49191
10.74 29094.763544
10.76 29077.24407
10.78 29064.476945
10.8 29049.427621
10.82 29032.489452
10.84 29015.74815
10.86 28999.200793
10.88 28982.844509
10.9 28966.67648
10.92 28950.708317
10.94 28934.908054
10.96 28919.287892
10.98 28903.845206
11 28888.577414
11.02 28873.481979
11.04 28858.570356
11.06 28843.811258
11.08 28822.976011
11.1 28808.568403
11.12 28790.555729
11.14 28780.246834
11.16 28766.313007
11.18 28752.532622
11.2 28738.903507
11.22 28725.423487
11.24 28712.090257
11.26 28698.90945
11.28 28682.95374
11.3 28669.011416
11.32 28656.26069
11.34 28643.647066
11.36 28631.168614
11.38 28618.836685
11.4 28606.622608
11.42 28594.538221
11.44 28582.581758
11.46 28570.751479
11.48 28559.058932
11.5 28547.475518
11.52 28536.013267
11.54 28528.458724
11.56 28517.22123
11.58 28506.099492
11.6 28495.105476
11.62 28484.211498
11.64 28470.20712
11.66 28459.047792
11.68 28443.308406
11.7 28424.844012
11.72 28406.482474
11.74 28388.229245
11.76 28370.114394
11.78 28352.149065
11.8 28334.34235
11.82 28316.71728
11.84 28299.266642
11.86 28282.045573
11.88 28265.188584
11.9 28249.308729
11.92 28236.853424
11.94 28229.561894
11.96 28225.63585
11.98 28223.327223
12 28221.765253
12.02 28220.557751
12.04 28219.507113
12.06 28218.484573
12.08 28217.386413
12.1 28216.062218
12.12 28214.257795
12.14 28211.451486
12.16 28206.594297
12.18 28198.358179
12.2 28186.762735
12.22 28173.18822
12.24 28158.71523
12.26 28143.86216
12.28 28128.874894
12.3 28113.843015
12.32 28098.837279
12.34 28083.890706
12.36 28069.022805
12.38 28054.257299
12.4 28039.57805
12.42 28025.001998
12.44 28010.532325
12.46 27996.171085
12.48 27981.919588
12.5 27968.514958
12.52 27962.253382
12.54 27951.607043
12.56 27945.144087
12.58 27939.06633
12.6 27933.043542
12.62 27927.086232
12.64 27921.171151
12.66 27915.309136
12.68 27909.499568
12.7 27903.741843
12.72 27898.046551
12.74 27892.390436
12.76 27886.7844
12.78 27881.22787
12.8 27875.72028
12.82 27870.261072
12.84 27864.860627
12.86 27859.496263
12.88 27854.178661
12.9 27848.907293
12.92 27843.681635
12.94 27838.501171
12.96 27833.376059
12.98 27826.124222
13 27820.293824
13.02 27815.297477
13.04 27810.343832
13.06 27805.443121
13.08 27800.573194
13.1 27795.744569
13.12 27790.95679
13.14 27786.209412
13.16 27781.501991
13.18 27776.844563
13.2 27772.215499
13.22 27767.625107
13.24 27763.072959
13.26 27758.558146
13.28 27751.389232
13.3 27744.109285
13.32 27736.875865
13.34 27729.698936
13.36 27722.577944
13.38 27715.512332
13.4 27708.511814
13.42 27701.555068
13.44 27694.652065
13.46 27687.802272
13.48 27681.005158
13.5 27674.260197
13.52 27667.576892
13.54 27659.180898
13.56 27648.401985
13.58 27637.704106
13.6 27627.087829
13.62 27616.553928
13.64 27606.112861
13.66 27595.747483
13.68 27587.60629
13.7 27582.940145
13.72 27577.026515
13.74 27573.775261
13.76 27570.5396
13.78 27567.329355
13.8 27564.144265
13.82 27560.984071
