2.5 27561.744409
2.52 27558.63247
2.54 27555.382926
2.56 27549.59378
2.58 27545.558078
2.6 27542.541409
2.62 27539.557997
2.64 27536.587721
2.66 27533.64021
2.68 27530.715224
2.7 27527.812535
2.72 27524.93192
2.74 27522.082643
2.76 27519.245301
2.78 27513.948365
2.8 27508.580951
2.82 27500.302102
2.84 27494.650767
2.86 27491.6364
2.88 27489.968193
2.9 27488.925956
2.92 27488.189259
2.94 27487.609079
2.96 27487.098464
2.98 27486.624676
3 27484.413707
3.02 27481.84481
3.04 27479.294769
3.06 27476.763405
3.08 27474.259677
3.1 27471.764938
3.12 27469.28835
3.14 27466.829742
3.16 27464.176682
3.18 27456.356799
3.2 27448.195596
3.22 27439.86599
3.24 27431.467829
3.26 27423.048278
3.28 27414.633439
3.3 27406.247623
3.32 27397.882179
3.34 27389.552324
3.36 27381.262081
3.38 27378.565451
3.4 27373.495412
3.42 27371.278955
3.44 27369.366475
3.46 27367.467491
3.48 27365.581873
3.5 27363.709498
3.52 27361.850244
3.54 27360.012644
3.56 27358.179097
3.58 27356.358318
3.6 27354.550191
3.62 27352.754601
3.64 27350.980103
3.66 27349.209073
3.68 27347.450244
3.7 27345.703508
3.72 27343.968755
3.74 27342.245875
3.76 27340.543263
3.78 27336.682637
3.8 27334.194671
3.82 27326.485972
3.84 27318.82391
3.86 27311.208191
3.88 27303.646842
3.9 27296.122662
3.92 27288.643846
3.94 27281.210078
3.96 27273.82184
3.98 27272.219077
4 27270.868481
4.02 27269.526926
4.04 27268.194322
4.06 27266.87059
4.08 27265.555652
4.1 27264.257661
4.12 27262.95992
4.14 27261.670747
4.16 27260.390064
4.18 27259.117798
4.2 27257.862118
4.22 27256.606291
4.24 27255.358625
4.26 27254.118939
4.28 27252.885525
4.3 27250.016806
4.32 27247.429512
4.34 27244.232325
4.36 27241.438436
4.38 27236.051369
4.4 27232.611084
4.42 27229.191667
4.44 27225.800928
4.46 27222.422621
4.48 27219.064708
4.5 27215.72703
4.52 27212.40943
4.54 27209.119735
4.56 27205.841681
4.58 27202.583249
4.6 27199.344297
4.62 27196.124696
4.64 27192.92437
4.66 27189.751518
4.68 27187.433826
4.7 27186.530265
4.72 27185.633601
4.74 27184.742689
4.76 27183.857392
4.78 27182.98536
4.8 27182.110954
4.82 27181.241984
4.84 27178.189004
4.86 27176.710818
4.88 27174.021118
4.9 27173.182743
4.92 27172.349562
4.94 27171.521526
4.96 27170.698592
4.98 27169.88072
5 27169.075479
5.02 27168.267472
5.04 27167.464407
5.06 27166.666246
5.08 27165.872947
5.1 27165.084473
5.12 27164.308274
5.14 27163.529202
5.16 27162.754842
5.18 27161.985158
5.2 27161.22011
5.22 27158.549173
5.24 27152.430309
5.26 27146.343931
5.28 27140.289827
5.3 27134.267786
5.32 27128.27761
5.34 27126.50658
5.36 27123.724822
5.38 27122.683679
5.4 27122.090292
5.42 27121.500442
5.44 27120.914091
5.46 27120.338481
5.48 27119.758919
5.5 27119.182773
5.52 27118.610018
5.54 27118.040626
5.56 27117.481853
5.58 27116.918979
5.6 27116.359382
5.62 27115.803016
5.64 27115.249765
5.66 27114.695959
5.68 27112.483899
5.7 27111.355869
5.72 27107.13938
5.74 27104.576171
5.76 27101.483365
5.78 27095.877309
5.8 27090.29357
5.82 27084.989913
5.84 27084.567491
5.86 27084.148267
5.88 27083.731374
5.9 27083.323458
5.92 27082.128257
5.94 27080.075314
5.96 27079.670422
5.98 27079.269546
6 27078.871052
6.02 27078.48182
6.04 27078.087761
6.06 27077.695939
6.08 27077.306334
6.1 27076.918929
6.12 27076.540689
6.14 27076.157515
6.16 27074.205562
6.18 27073.829496
6.2 27070.19869
6.22 27064.899701
6.24 27059.635248
6.26 27054.391658
6.28 27053.057963
6.3 27052.770583
6.32 27052.484823
7.28 39559.66172
7.3 39418.943519
7.32 39206.388177
7.34 39053.100137
7.36 39041.683813
7.38 38928.662579
7.4 38717.155168
7.42 38510.162336
7.44 38312.478977
7.46 38107.732184
7.48 37906.601655
7.5 37725.513245
7.52 37593.222113
7.54 37416.137019
7.56 37242.710918
7.58 37072.94715
7.6 36907.19266
7.62 36810.705136
7.64 36727.732562
7.66 36564.135576
7.68 36402.595909
7.7 36243.999216
7.72 36088.468609
7.74 35936.024396
7.76 35786.714511
7.78 35641.569072
7.8 35520.706173
7.82 35380.068563
7.84 35242.419371
7.86 35116.016335
7.88 35006.991009
7.9 34903.346984
7.92 34802.960382
7.94 34705.269705
7.96 34610.029928
7.98 34517.041899
8 34426.336137
8.02 34337.748506
8.04 34251.205761
8.06 34249.981897
8.08 34249.573863
8.1 34247.82663
8.12 34155.035008
8.14 34047.635195
8.16 33942.388039
8.18 33839.247224
8.2 33738.162387
8.22 33639.108994
8.24 33541.986624
8.26 33446.774819
8.28 33353.427633
8.3 33269.482566
8.32 33179.726072
8.34 33091.675576
8.36 33005.317205
8.38 32920.611344
8.4 32837.519395
8.42 32756.003912
8.44 32676.056181
8.46 32608.98137
8.48 32531.477052
8.5 32448.336064
8.52 32382.029303
8.54 32309.163104
8.56 32233.863874
8.58 32156.455059
8.6 32087.583485
8.62 32019.962163
8.64 31953.562876
8.66 31888.381314
8.68 31824.34376
8.7 31761.448647
8.72 31709.476461
8.74 31649.450382
8.76 31589.772424
8.78 31531.162905
8.8 31473.554214
8.82 31416.947295
8.84 31361.320523
8.86 31333.095305
8.88 31306.938796
8.9 31281.30592
8.92 31235.823102
8.94 31181.423771
8.96 31127.864064
8.98 31075.128056
9 31023.221063
9.02 30972.084616
9.04 30921.725809
9.06 30882.130661
9.08 30882.12026
9.1 30882.106268
9.12 30882.089874
9.14 30855.845328
9.16 30802.874988
9.18 30751.644621
9.2 30704.228958
9.22 30662.144874
9.24 30615.166559
9.26 30590.538522
9.28 30575.427029
9.3 30561.080921
9.32 30547.101985
9.34 30533.42613
9.36 30519.988394
9.38 30506.780027
9.4 30493.766087
9.42 30480.860373
9.44 30452.688621
9.46 30415.285552
9.48 30378.42425
9.5 30342.113596
9.52 30306.343146
9.54 30270.3415
9.56 30232.429642
9.58 30195.014106
9.6 30158.106745
9.62 30135.267162
9.64 30102.533336
9.66 30070.273551
9.68 30033.045908
9.7 29992.697403
9.72 29953.077499
9.74 29918.575519
9.76 29908.637555
9.78 29886.211914
9.8 29857.054735
9.82 29828.289294
9.84 29801.059941
9.86 29777.169828
9.88 29749.567274
9.9 29730.226833
9.92 29703.343907
9.94 29676.829856
9.96 29650.678268
9.98 29624.88287
10 29616.140982
10.02 29614.950708
10.04 29613.753967
10.06 29612.538002
10.08 29611.175471
10.1 29602.249325
10.12 29578.090197
10.14 29550.865134
10.16 29547.013125
10.18 29546.620989
10.2 29546.389869
10.22 29533.557703
10.24 29506.75462
10.26 29480.257161
10.28 29454.077708
10.3 29433.281577
10.32 29431.292256
10.34 29429.302015
10.36 29427.245579
10.38 29424.867733
10.4 29421.058479
10.42 29401.053399
10.44 29381.061424
10.46 29358.813039
10.48 29338.075575
10.5 29317.593367
10.52 29297.362493
10.54 29281.959334
10.56 29262.200852
10.58 29242.697522
10.6 29223.414565
10.62 29204.364161
10.64 29185.542735
10.66 29166.946781
10.68 29148.572857
10.7 29130.432367
10.72 29119.192342
10.74 29101.436951
10.76 29083.890648
10.78 29066.550317
10.8 29064.091824
10.82 29063.623251
10.84 29062.948852
10.86 29061.651254
10.88 29047.086506
10.9 29026.977484
10.92 29007.099372
10.94 28986.23344
10.96 28961.791385
10.98 28937.575977
11 28913.633039
11.02 28890.012223
11.04 28866.803089
11.06 28844.121239
11.08 28829.218014
11.1 28809.570539
11.12 28794.321916
11.14 28780.557726
11.16 28772.461039
11.18 28758.657353
11.2 28745.004824
11.22 28731.498943
11.24 28716.023518
11.26 28699.419003
11.28 28685.873209
11.3 28672.968345
11.32 28660.203042
11.34 28647.574992
11.36 28635.082237
11.38 28622.736113
11.4 28610.507939
11.42 28598.40955
11.44 28586.439178
11.46 28574.595083
11.48 28562.888813
11.5 28551.29178
11.52 28539.816069
11.54 28530.465589
11.56 28522.934475
11.58 28511.7927
11.6 28500.778558
11.62 28489.142159
11.64 28473.429427
11.66 28461.801403
11.68 28448.497938
11.7 28438.055477
11.72 28427.731585
11.74 28417.499403
11.76 28407.370498
11.78 28397.34353
11.8 28387.417179
11.82 28377.602733
11.84 28367.873375
11.86 28358.240805
11.88 28348.703786
11.9 28339.261097
11.92 28329.911538
11.94 28320.666185
11.96 28311.499005
11.98 28302.42147
12 28293.432451
12.02 28284.530837
12.04 28275.715533
12.06 28266.997409
12.08 28258.351172
12.1 28249.788067
12.12 28241.307067
12.14 28232.907155
12.16 28224.599315
12.18 28216.358265
12.2 28204.729901
12.22 28188.965719
12.24 28173.242158
12.26 28157.60825
12.28 28142.095112
12.3 28126.687838
12.32 28111.402645
12.34 28096.24163
12.36 28081.205817
12.38 28066.30738
12.4 28051.522816
12.42 28036.864291
12.44 28022.332022
12.46 28007.926417
12.48 27993.648238
12.5 27979.51016
12.52 27965.491291
12.54 27956.049154
12.56 27949.901026
12.58 27943.808633
12.6 27937.771286
12.62 27931.799499
12.64 27925.870025
12.66 27919.993697
12.68 27914.169898
12.7 27908.398022
12.72 27902.688659
12.74 27897.018552
12.76 27891.398603
12.78 27885.828237
12.8 27880.306888
12.82 27874.833998
12.84 27869.419946
12.86 27864.042052
12.88 27858.710992
12.9 27853.426239
12.92 27848.187266
12.94 27842.993552
12.96 27837.855095
12.98 27828.284216
13 27823.2359
13.02 27818.230823
13.04 27813.268616
13.06 27808.359454
13.08 27803.481124
13.1 27798.644129
13.12 27793.848014
13.14 27789.092333
13.16 27784.376641
13.18 27779.710968
13.2 27775.073664
13.22 27770.47493
13.24 27765.909022
13.26 27758.737469
13.28 27754.081879
13.3 27749.652276
13.32 27745.248831
13.34 27740.881637
13.36 27736.550305
13.38 27732.254451
13.4 27728.003968
13.42 27723.777704
13.44 27714.268362
13.46 27703.090242
13.48 27691.99079
13.5 27680.970886
13.52 27670.040773
13.54 27660.934645
13.56 27654.342782
13.58 27645.657136
13.6 27635.022382
13.62 27624.459317
13.64 27613.978115
13.66 27603.559334
13.68 27593.213248
13.7 27584.282476
13.72 27580.984828
13.74 27577.72307
13.76 27574.476952
13.78 27571.256297
13.8 27568.060839
13.82 27564.890307
