2.5 27567.122653
2.52 27561.243506
2.54 27555.549718
2.56 27552.46331
2.58 27549.413305
2.6 27546.387015
2.62 27543.393714
2.64 27540.413556
2.66 27537.4562
2.68 27534.521413
2.7 27531.608968
2.72 27528.718642
2.74 27525.859698
2.76 27520.955276
2.78 27516.429375
2.8 27511.159981
2.82 27508.392572
2.84 27505.645937
2.86 27502.92917
2.88 27500.223271
2.9 27497.537548
2.92 27494.871803
2.94 27492.225845
2.96 27489.6088
2.98 27487.001642
3 27486.140201
3.02 27484.252199
3.04 27481.696206
3.06 27479.158917
3.08 27476.649291
3.1 27474.148681
3.12 27471.666249
3.14 27469.201822
3.16 27464.388945
3.18 27461.965788
3.2 27458.376714
3.22 27449.66498
3.24 27440.997158
3.26 27432.377691
3.28 27423.808738
3.3 27415.300352
3.32 27406.834893
3.34 27398.421708
3.36 27390.06079
3.38 27381.752036
3.4 27376.617809
3.42 27374.692618
3.44 27372.772107
3.46 27370.865125
3.48 27368.971544
3.5 27367.091241
3.52 27365.224095
3.54 27363.378636
3.56 27361.537265
3.58 27359.708695
3.6 27357.892811
3.62 27356.089497
3.64 27354.307308
3.66 27352.528619
3.68 27350.762164
3.7 27349.007832
3.72 27347.265512
3.74 27345.53509
3.76 27341.425809
3.78 27338.843635
3.8 27334.999516
3.82 27333.327815
3.84 27331.667461
3.86 27330.018341
3.88 27328.388668
3.9 27325.302371
3.92 27321.307767
3.94 27317.338395
3.96 27313.394137
3.98 27309.483186
4 27305.588427
4.02 27301.718206
4.04 27297.872324
4.06 27294.050584
4.08 27290.25279
4.1 27286.486979
4.12 27282.736338
4.14 27279.009069
4.16 27275.304985
4.18 27271.623901
4.2 27267.973886
4.22 27264.338116
4.24 27260.724848
4.26 27257.134028
4.28 27253.567157
4.3 27251.665913
4.32 27247.580702
4.34 27246.227437
4.36 27243.043105
4.38 27241.861598
4.4 27240.687727
4.42 27239.521422
4.44 27238.370586
4.46 27237.21907
4.48 27236.07493
4.5 27234.938105
4.52 27233.808533
4.54 27232.694138
4.56 27231.578745
4.58 27230.470428
4.6 27229.369129
4.62 27228.27479
4.64 27227.187351
4.66 27226.114608
4.68 27225.04066
4.7 27223.973434
4.72 27217.387453
4.74 27210.762525
4.76 27204.174172
4.78 27197.629828
4.8 27191.113769
4.82 27184.633575
4.84 27180.378419
4.86 27179.318811
4.88 27175.871449
4.9 27175.029304
4.92 27174.192388
4.94 27173.360634
4.96 27172.534
4.98 27171.712441
5 27170.903528
5.02 27170.091863
5.04 27169.285154
5.06 27168.483362
5.08 27167.686447
5.1 27166.894369
5.12 27166.114579
5.14 27165.331928
5.16 27164.554002
5.18 27163.780761
5.2 27163.01216
5.22 27160.467167
5.24 27159.710976
5.26 27153.676888
5.28 27147.619965
5.3 27141.59573
5.32 27135.604013
5.34 27129.652045
5.36 27125.901189
5.38 27125.299144
5.4 27124.700732
5.42 27124.10587
5.44 27123.514525
5.46 27122.933939
5.48 27122.349418
5.5 27121.76833
5.52 27121.190648
5.54 27120.616342
5.56 27120.052664
5.58 27119.484887
5.6 27118.920351
5.62 27118.358809
5.64 27117.520846
5.66 27114.909837
5.68 27114.161327
5.7 27111.943116
5.72 27111.405769
5.74 27107.126328
5.76 27102.026756
5.78 27099.498183
5.8 27096.97592
5.82 27094.467173
5.84 27091.971857
5.86 27089.489898
5.88 27087.021267
5.9 27084.573377
5.92 27082.913999
5.94 27082.503065
5.96 27082.095445
5.98 27081.690249
6 27081.287385
6.02 27080.893786
6.04 27080.495371
6.06 27080.099207
6.08 27079.705275
6.1 27079.313556
6.12 27078.931015
6.14 27078.543532
6.16 27075.776497
6.18 27075.396609
6.2 27073.455554
6.22 27073.083697
6.24 27072.720801
6.26 27072.352977
6.28 27071.987203
6.3 27071.623463
6.32 27071.261744
7.28 39640.195926
7.3 39536.234069
7.32 39281.661349
7.34 39266.458557
7.36 39127.984341
7.38 39030.791702
7.4 38731.961727
7.42 38527.002603
7.44 38340.208542
7.46 38147.693071
7.48 37958.953584
7.5 37774.199498
7.52 37670.345189
7.54 37508.246005
7.56 37350.080337
7.58 37195.183976
7.6 37042.543208
7.62 36889.225758
7.64 36742.401481
7.66 36583.996466
7.68 36425.454169
7.7 36268.367971
7.72 36113.600274
7.74 35961.502177
7.76 35812.298678
7.78 35667.370672
7.8 35628.90891
7.82 35625.73663
7.84 35531.31435
7.86 35423.199127
7.88 35317.700064
7.9 35214.680116
7.92 35114.089218
7.94 35015.854554
7.96 34919.906274
7.98 34826.166688
8 34734.598665
8.02 34645.120143
8.04 34557.667505
8.06 34472.176561
8.08 34376.569528
8.1 34264.784254
8.12 34162.551677
8.14 34055.297803
8.16 33950.08436
8.18 33846.949782
8.2 33745.858371
8.22 33646.79063
8.24 33549.648469
8.26 33454.412967
8.28 33361.039003
8.3 33281.486117
8.32 33191.652701
8.34 33103.525899
8.36 33017.091853
8.38 32932.310966
8.4 32849.144651
8.42 32767.555464
8.44 32687.532896
8.46 32615.956445
8.48 32531.906459
8.5 32456.266347
8.52 32391.508529
8.54 32313.18532
8.56 32237.659532
8.58 32167.440891
8.6 32098.501891
8.62 32030.813665
8.64 31964.348156
8.66 31899.101057
8.68 31834.99865
8.7 31772.039364
8.72 31710.19809
8.74 31673.055965
8.76 31637.696144
8.78 31603.185647
8.8 31569.418902
8.82 31520.981854
8.84 31462.131238
8.86 31404.2051
8.88 31347.186851
8.9 31291.080521
8.92 31256.166484
8.94 31231.510708
8.96 31207.325654
8.98 31183.594625
9 31160.305164
9.02 31137.396387
9.04 31114.724618
9.06 31077.388581
9.08 31020.911043
9.1 30965.036965
9.12 30909.995062
9.14 30876.964867
9.16 30823.122258
9.18 30769.776402
9.2 30717.652108
9.22 30672.221176
9.24 30645.855425
9.26 30625.240214
9.28 30606.284989
9.3 30588.141865
9.32 30570.532128
9.34 30553.328926
9.36 30536.465959
9.38 30519.888885
9.4 30503.544745
9.42 30487.380061
9.44 30458.436166
9.46 30421.004774
9.48 30384.114295
9.5 30347.683574
9.52 30308.798793
9.54 30271.104386
9.56 30236.402559
9.58 30202.192593
9.6 30168.483892
9.62 30139.780164
9.64 30108.013609
9.66 30073.319911
9.68 30038.497151
9.7 30007.158892
9.72 29976.269266
9.74 29945.820158
9.76 29915.80363
9.78 29891.51853
9.8 29862.337162
9.82 29833.54772
9.84 29805.160984
9.86 29785.106789
9.88 29757.467068
9.9 29733.469935
9.92 29730.70682
9.94 29728.006744
9.96 29725.353675
9.98 29722.728835
10 29720.089895
10.02 29717.254192
10.04 29699.599083
10.06 29666.791699
10.08 29633.863059
10.1 29608.47905
10.12 29583.899886
10.14 29572.759522
10.16 29567.77045
10.18 29563.72972
10.2 29560.006988
10.22 29546.199505
10.24 29546.035822
10.26 29545.841044
10.28 29545.380598
10.3 29534.371934
10.32 29511.439684
10.34 29488.797628
10.36 29466.456819
10.38 29444.380665
10.4 29422.580992
10.42 29405.747602
10.44 29384.468454
10.46 29363.468559
10.48 29342.712335
10.5 29322.211169
10.52 29301.961488
10.54 29288.912198
10.56 29269.124823
10.58 29249.592815
10.6 29230.281397
10.62 29211.202742
10.64 29192.353276
10.66 29173.729489
10.68 29155.327938
10.7 29137.160022
10.72 29129.49037
10.74 29128.762993
10.76 29127.923775
10.78 29126.758391
10.8 29124.71077
10.82 29108.744492
10.84 29087.967636
10.86 29067.416599
10.88 29056.900619
10.9 29035.401589
10.92 29010.835462
10.94 28987.420252
10.96 28967.951747
10.98 28948.691135
11 28926.647858
11.02 28902.592842
11.04 28878.790218
11.06 28855.245566
11.08 28832.053308
11.1 28814.787476
11.12 28800.516816
11.14 28786.418259
11.16 28776.097684
11.18 28766.944853
11.2 28749.798463
11.22 28732.82891
11.24 28718.150665
11.26 28704.952289
11.28 28691.884333
11.3 28678.95777
11.32 28666.1705
11.34 28653.520556
11.36 28641.006031
11.38 28628.638272
11.4 28616.388601
11.42 28604.268857
11.44 28592.277268
11.46 28580.412095
11.48 28568.684883
11.5 28557.067044
11.52 28545.570626
11.54 28534.194423
11.56 28528.254399
11.58 28522.66418
11.6 28507.861031
11.62 28489.864986
11.64 28479.061828
11.66 28462.758457
11.68 28452.195066
11.7 28441.739746
11.72 28431.403092
11.74 28421.15823
11.76 28411.016725
11.78 28400.977235
11.8 28391.038438
11.82 28381.211621
11.84 28371.469966
11.86 28361.825175
11.88 28352.276007
11.9 28342.821243
11.92 28333.459681
11.94 28324.202397
11.96 28315.023357
11.98 28305.934032
12 28296.933294
12.02 28288.02003
12.04 28279.193146
12.06 28270.463509
12.08 28261.805827
12.1 28253.231344
12.12 28244.739031
12.14 28236.32787
12.16 28228.008835
12.18 28219.756246
12.2 28208.195373
12.22 28200.109655
12.24 28192.100189
12.26 28184.166045
12.28 28176.317992
12.3 28168.531443
12.32 28160.817523
12.34 28153.175357
12.36 28145.604084
12.38 28138.114571
12.4 28130.682234
12.42 28123.318284
12.44 28116.021883
12.46 28107.562816
12.48 28097.333749
12.5 28087.204279
12.52 28077.150388
12.54 28067.18288
12.56 28057.300808
12.58 28047.503238
12.6 28037.789244
12.62 28028.16907
12.64 28018.6192
12.66 28009.150203
12.68 27999.761196
12.7 27990.451312
12.72 27981.230882
12.74 27972.076393
12.76 27962.998489
12.78 27953.996327
12.8 27942.026335
12.82 27928.697511
12.84 27915.483734
12.86 27902.363651
12.88 27889.349492
12.9 27876.443419
12.92 27863.64971
12.94 27850.977323
12.96 27838.457493
12.98 27832.75021
13 27827.688659
13.02 27822.67036
13.04 27817.695372
13.06 27812.773567
13.08 27807.882593
13.1 27803.032972
13.12 27798.22427
13.14 27793.456045
13.16 27788.727842
13.18 27784.049635
13.2 27779.399292
13.22 27773.607839
13.24 27766.14971
13.26 27761.393389
13.28 27756.908251
13.3 27752.470621
13.32 27748.059223
13.34 27743.68413
13.36 27739.344949
13.38 27735.041292
13.4 27730.783047
13.42 27725.52358
13.44 27719.585808
13.46 27710.895864
13.48 27699.860981
13.5 27688.885564
13.52 27677.984007
13.54 27667.139095
13.56 27656.363047
13.58 27647.801169
13.6 27641.309149
13.62 27634.866297
13.64 27628.481962
13.66 27622.135762
13.68 27615.837299
13.7 27609.58611
13.72 27603.381737
13.74 27597.233589
13.76 27591.121273
13.78 27585.054442
13.8 27579.032666
13.82 27573.055529
