2.5 27656.220967
2.52 27645.882429
2.54 27641.951538
2.56 27638.440904
2.58 27634.957195
2.6 27631.500141
2.62 27628.079154
2.64 27624.674396
2.66 27621.295501
2.68 27617.942205
2.7 27614.61423
2.72 27611.311215
2.74 27608.040516
2.76 27602.791498
2.78 27597.739843
2.8 27594.543463
2.82 27591.371974
2.84 27588.224218
2.86 27585.109197
2.88 27582.007869
2.9 27578.929509
2.92 27575.873892
2.94 27570.555204
2.96 27567.371598
2.98 27558.811773
3 27549.439766
3.02 27540.13909
3.04 27530.91761
3.06 27521.794568
3.08 27513.748164
3.1 27508.50415
3.12 27503.298019
3.14 27498.129487
3.16 27493.006449
3.18 27489.48888
3.2 27488.580522
3.22 27487.922784
3.24 27487.383066
3.26 27486.898113
3.28 27486.424494
3.3 27485.914824
3.32 27485.335863
3.34 27484.604511
3.36 27483.580874
3.38 27481.983253
3.4 27479.280123
3.42 27474.855598
3.44 27468.717405
3.46 27461.507127
3.48 27453.767805
3.5 27445.780808
3.52 27437.680143
3.54 27429.541176
3.56 27424.77023
3.58 27422.136923
3.6 27417.150159
3.62 27415.070466
3.64 27413.013755
3.66 27410.962374
3.68 27408.92504
3.7 27406.901629
3.72 27404.892014
3.74 27402.896074
3.76 27400.922201
3.78 27398.953078
3.8 27396.997272
3.82 27395.054666
3.84 27393.125142
3.86 27391.208586
3.88 27389.313246
3.9 27387.42212
3.92 27385.543627
3.94 27383.677653
3.96 27380.589383
3.98 27377.84111
4 27373.383438
4.02 27365.67938
4.04 27358.020696
4.06 27350.40713
4.08 27342.8384
4.1 27335.322445
4.12 27327.84236
4.14 27320.40624
4.16 27313.013896
4.18 27310.302604
4.2 27308.826681
4.22 27307.352029
4.24 27305.88696
4.26 27304.43139
4.28 27302.985238
4.3 27301.548424
4.32 27300.128974
4.34 27298.710446
4.36 27297.301023
4.38 27295.900628
4.4 27294.509184
4.42 27293.126616
4.44 27291.760817
4.46 27290.395622
4.48 27289.039074
4.5 27287.69108
4.52 27285.682704
4.54 27282.015892
4.56 27279.415502
4.58 27277.411415
4.6 27276.00703
4.62 27272.488942
4.64 27268.990836
4.66 27265.521201
4.68 27262.064079
4.7 27258.627322
4.72 27255.21078
4.74 27251.814302
4.76 27248.437737
4.78 27245.088655
4.8 27241.751324
4.82 27238.43346
4.84 27235.134918
4.86 27231.855553
4.88 27228.602963
4.9 27225.361407
4.92 27222.138654
4.94 27218.93471
4.96 27215.752967
4.98 27214.419001
5 27213.443925
5.02 27212.467384
5.04 27211.496818
5.06 27208.679312
5.08 27206.77321
5.1 27203.981368
5.12 27203.050762
5.14 27202.11819
5.16 27201.19122
5.18 27200.269809
5.2 27199.353911
5.22 27198.450985
5.24 27197.545855
5.26 27196.646112
5.28 27195.751714
5.3 27194.862619
5.32 27193.978787
5.34 27193.107562
5.36 27192.234005
5.38 27191.365591
5.4 27190.50228
5.42 27189.644033
5.44 27188.222244
5.46 27182.12942
5.48 27176.060936
5.5 27170.023948
5.52 27164.018254
5.54 27158.043656
5.56 27152.581095
5.58 27151.888697
5.6 27148.588177
5.62 27147.90877
5.64 27147.233381
5.66 27146.561897
5.68 27145.901453
5.7 27145.237555
5.72 27144.577468
5.74 27143.921163
5.76 27143.268611
5.78 27142.626969
5.8 27141.981719
5.82 27141.34014
5.84 27140.702203
5.86 27140.06788
5.88 27139.437143
5.9 27138.817038
5.92 27138.193258
5.94 27135.903104
5.96 27135.289429
5.98 27130.315507
6 27124.707926
6.02 27119.135917
6.04 27113.585327
6.06 27108.06323
6.08 27106.328087
6.1 27105.838273
6.12 27105.358189
6.14 27104.873715
6.16 27104.391923
6.18 27103.912788
6.2 27103.436277
6.22 27102.962329
6.24 27102.497557
6.26 27101.611007
6.28 27099.206188
6.3 27098.698299
6.32 27098.241292
7.4 39223.800861
7.42 38832.141805
7.44 38710.149012
7.46 38707.866854
7.48 38705.89469
7.5 38704.110867
7.52 38528.828352
7.54 38347.021647
7.56 38314.161226
7.58 38116.86659
7.6 37923.997954
7.62 37735.603056
7.64 37562.289926
7.66 37383.206207
7.68 37212.518687
7.7 37060.334387
7.72 36910.035412
7.74 36782.600234
7.76 36644.98571
7.78 36503.479199
7.8 36356.082698
7.82 36211.534054
7.84 36069.809788
7.86 35930.913509
7.88 35795.066223
7.9 35666.228133
7.92 35556.908148
7.94 35421.580955
7.96 35288.377504
7.98 35157.434557
8 35028.727225
8.02 34907.955441
8.04 34790.779687
8.06 34675.773999
8.08 34562.891915
8.1 34448.959181
8.12 34333.672387
8.14 34231.24898
8.16 34130.192051
8.18 34027.516086
8.2 33928.771811
8.22 33856.081102
8.24 33785.745938
8.26 33717.149992
8.28 33650.118747
8.3 33584.565564
8.32 33520.433262
8.34 33457.665149
8.36 33396.228167
8.38 33336.084522
8.4 33277.198711
8.42 33219.536892
8.44 33163.08112
8.46 33107.765269
8.48 33053.577974
8.5 33000.487934
8.52 32948.460536
8.54 32897.442644
8.56 32842.671653
8.58 32758.331905
8.6 32675.662748
8.62 32618.292697
8.64 32538.787934
8.66 32459.65527
8.68 32381.61578
8.7 32304.808887
8.72 32229.461186
8.74 32162.326233
8.76 32117.450366
8.78 32076.384802
8.8 32024.708193
8.82 31961.93706
8.84 31900.238175
8.86 31839.588794
8.88 31779.96677
8.9 31721.371458
8.92 31663.738943
8.94 31613.597865
8.96 31557.839728
8.98 31503.006678
9 31449.100696
9.02 31396.06006
9.04 31343.888649
9.06 31292.568647
9.08 31242.082635
9.1 31192.413593
9.12 31143.565026
9.14 31095.479487
9.16 31057.635242
9.18 31011.019521
9.2 30965.142146
9.22 30931.97123
9.24 30907.897846
9.26 30882.126904
9.28 30877.088759
9.3 30859.301177
9.32 30840.369641
9.34 30793.44434
9.36 30743.800625
9.38 30694.409761
9.4 30645.592752
9.42 30597.54619
9.44 30550.552713
9.46 30505.397958
9.48 30464.854947
9.5 30435.131842
9.52 30419.299661
9.54 30403.966824
9.56 30389.31248
9.58 30375.146281
9.6 30361.334774
9.62 30347.797337
9.64 30334.474569
9.66 30321.30336
9.68 30308.190185
9.7 30294.917617
9.72 30280.891242
9.74 30263.732361
9.76 30236.448146
9.78 30199.675048
9.8 30160.454486
9.82 30120.985226
9.84 30081.992918
9.86 30052.359852
9.88 30020.015476
9.9 29985.367099
9.92 29969.115238
9.94 29945.858418
9.96 29913.952438
9.98 29882.447772
10 29854.780109
10.02 29850.631035
10.04 29846.624698
10.06 29833.98434
10.08 29807.171284
10.1 29780.712259
10.12 29754.601333
10.14 29728.848892
10.16 29708.374672
10.18 29690.764732
10.2 29665.934341
10.22 29641.424563
10.24 29617.246403
10.26 29602.830081
10.28 29601.791371
10.3 29600.104623
10.32 29573.265982
10.34 29548.519215
10.36 29539.328484
10.38 29534.602486
10.4 29531.080692
10.42 29527.925143
10.44 29524.932644
10.46 29522.035562
10.48 29499.76941
10.5 29474.619961
10.52 29449.758347
10.54 29425.180904
10.56 29412.7251
10.58 29410.998051
10.6 29408.955304
10.62 29405.463714
10.64 29398.410807
10.66 29378.65909
10.68 29351.414284
10.7 29338.857935
10.72 29337.456839
10.74 29336.631891
10.76 29326.828718
10.78 29307.604527
10.8 29291.637264
10.82 29274.238331
10.84 29255.656341
10.86 29237.287935
10.88 29219.129976
10.9 29201.179387
10.92 29183.447524
10.94 29165.902169
10.96 29148.555278
10.98 29131.403984
11 29120.892782
11.02 29104.099362
11.04 29087.507353
11.06 29071.08571
11.08 29061.446095
11.1 29055.694364
11.12 29034.042786
11.14 29010.379574
11.16 28991.672334
11.18 28976.259165
11.2 28954.900114
11.22 28939.888367
11.24 28925.039328
11.26 28910.364153
11.28 28895.832984
11.3 28881.457666
11.32 28867.236025
11.34 28853.16586
11.36 28839.244474
11.38 28824.478659
11.4 28807.910247
11.42 28794.439484
11.44 28781.110909
11.46 28770.376969
11.48 28758.777473
11.5 28745.847881
11.52 28733.052455
11.54 28720.389403
11.56 28707.856964
11.58 28695.453405
11.6 28683.189916
11.62 28671.038645
11.64 28659.011233
11.66 28647.106056
11.68 28635.321516
11.7 28623.656042
11.72 28612.120634
11.74 28600.688293
11.76 28585.663189
11.78 28574.471087
11.8 28562.48971
11.82 28548.457366
11.84 28540.6201
11.86 28530.815345
11.88 28520.16632
11.9 28509.621871
11.92 28499.180677
11.94 28488.853695
11.96 28478.614776
11.98 28468.475272
12 28458.433942
12.02 28448.489562
12.04 28438.640924
12.06 28428.898788
12.08 28419.237754
12.1 28409.668959
12.12 28400.19127
12.14 28390.803568
12.16 28381.516733
12.18 28372.305385
12.2 28363.180776
12.22 28354.141853
12.24 28345.187578
12.26 28336.316929
12.28 28327.540582
12.3 28317.071147
12.32 28301.124589
12.34 28285.484152
12.36 28270.256898
12.38 28255.618196
12.4 28241.573146
12.42 28227.308733
12.44 28212.360064
12.46 28197.173197
12.48 28181.976439
12.5 28166.856239
12.52 28151.817769
12.54 28136.884969
12.56 28122.063693
12.58 28107.356866
12.6 28092.765959
12.62 28078.302828
12.64 28063.945201
12.66 28049.70478
12.68 28041.367587
12.7 28034.856333
12.72 28028.413789
12.74 28022.016617
12.76 28015.675647
12.78 28009.390242
12.8 28003.15977
12.82 27996.98361
12.84 27990.872079
12.86 27984.802436
12.88 27978.785297
12.9 27972.820077
12.92 27966.906193
12.94 27961.043074
12.96 27955.240839
12.98 27949.477297
13 27943.762857
13.02 27938.096977
13.04 27932.479121
13.06 27926.919469
13.08 27921.395819
13.1 27915.918622
13.12 27906.03662
13.14 27900.663569
13.16 27892.410764
13.18 27887.145944
13.2 27881.914351
13.22 27876.726181
13.24 27871.580969
13.26 27866.478252
13.28 27861.417576
13.3 27856.408734
13.32 27851.43055
13.34 27846.493082
13.36 27841.595899
13.38 27836.738573
13.4 27831.93095
13.42 27827.151831
13.44 27822.410838
13.46 27815.796432
13.48 27813.044508
13.5 27808.41752
13.52 27803.837554
13.54 27799.283942
13.56 27794.766595
13.58 27789.00883
13.6 27778.109255
13.62 27767.026492
13.64 27755.941387
13.66 27744.885165
13.68 27736.336661
13.7 27729.495745
13.72 27719.619931
13.74 27708.918719
13.76 27698.259038
13.78 27687.656331
13.8 27677.114237
13.82 27666.635223
