2.5 28115.423103
2.52 28102.977495
2.54 28090.606336
2.56 28078.31985
2.58 28066.118074
2.6 28054.00096
2.62 28041.978098
2.64 28030.029883
2.66 28018.166205
2.68 28006.387208
2.7 27998.562223
2.72 27993.378789
2.74 27988.243088
2.76 27983.13555
2.78 27978.065507
2.8 27973.0326
2.82 27968.036475
2.84 27963.076782
2.86 27958.162474
2.88 27953.274408
2.9 27948.421754
2.92 27943.604176
2.94 27938.821345
2.96 27934.082252
2.98 27929.36774
3 27924.68701
3.02 27920.039748
3.04 27915.425642
3.06 27910.844384
3.08 27906.304807
3.1 27901.788135
3.12 27897.165339
3.14 27888.969201
3.16 27884.557009
3.18 27877.622344
3.2 27873.287387
3.22 27868.973722
3.24 27864.69022
3.26 27860.436607
3.28 27856.21261
3.3 27852.026943
3.32 27847.86119
3.34 27843.72426
3.36 27839.615893
3.38 27835.535832
3.4 27831.483824
3.42 27827.468432
3.44 27823.471601
3.46 27819.502093
3.48 27815.560085
3.5 27814.001212
3.52 27810.203403
3.54 27806.341432
3.56 27800.462925
3.58 27796.253241
3.6 27788.13989
3.62 27782.036095
3.64 27774.463952
3.66 27765.265972
3.68 27756.00587
3.7 27746.724918
3.72 27737.447909
3.74 27728.190263
3.76 27718.970327
3.78 27709.777628
3.8 27700.625216
3.82 27691.516165
3.84 27682.452626
3.86 27673.436123
3.88 27668.879292
3.9 27665.779342
3.92 27662.699664
3.94 27659.640085
3.96 27656.600432
3.98 27653.588914
4 27650.588445
4.02 27647.607401
4.04 27644.645617
4.06 27641.70293
4.08 27638.779179
4.1 27635.882433
4.12 27632.995907
4.14 27630.127826
4.16 27627.277989
4.18 27624.445944
4.2 27620.916724
4.22 27615.863627
4.24 27612.70504
4.26 27609.951692
4.28 27606.211437
4.3 27602.289808
4.32 27596.077816
4.34 27587.785433
4.36 27581.322287
4.38 27576.50498
4.4 27571.71655
4.42 27566.956756
4.44 27562.233343
4.46 27557.530004
4.48 27552.854642
4.5 27548.207039
4.52 27543.586984
4.54 27539.00225
4.56 27534.436515
4.58 27529.897709
4.6 27525.385631
4.62 27520.900084
4.64 27516.44088
4.66 27512.015691
4.68 27507.608515
4.7 27503.22723
4.72 27498.871815
4.74 27494.54257
4.76 27490.241415
4.78 27486.014446
4.8 27484.486802
4.82 27483.409767
4.84 27481.751418
4.86 27479.048233
4.88 27474.899287
4.9 27472.612452
4.92 27470.59614
4.94 27465.690655
4.96 27463.529685
4.98 27461.555477
5 27459.600589
5.02 27457.649571
5.04 27455.71008
5.06 27453.782026
5.08 27451.865321
5.1 27449.959877
5.12 27448.073097
5.14 27446.189785
5.16 27444.317478
5.18 27442.456093
5.2 27440.605546
5.22 27438.773256
5.24 27436.944007
5.26 27435.125352
5.28 27433.31721
5.3 27431.519502
5.32 27427.777544
5.34 27426.01177
5.36 27420.845798
5.38 27413.91755
5.4 27407.024366
5.42 27400.166276
5.44 27393.343234
5.46 27386.562418
5.48 27379.809041
5.5 27373.090353
5.52 27366.406221
5.54 27362.729054
5.56 27361.250804
5.58 27359.773553
5.6 27358.304634
5.62 27356.843982
5.64 27355.391536
5.66 27353.947236
5.68 27352.518192
5.7 27351.08988
5.72 27349.669537
5.74 27348.257103
5.76 27346.85252
5.78 27345.462916
5.8 27344.073746
5.82 27342.692258
5.84 27341.318396
5.86 27339.952104
5.88 27338.593321
5.9 27334.491693
5.92 27333.152844
5.94 27330.007627
5.96 27328.686889
5.98 27327.373374
6 27326.067029
6.02 27324.774773
6.04 27323.482499
6.06 27322.197238
6.08 27320.918912
6.1 27318.586882
6.12 27315.396099
6.14 27312.214589
6.16 27309.049414
6.18 27305.900484
6.2 27302.767697
6.22 27299.650948
6.24 27296.557014
6.26 27293.471915
6.28 27290.402542
6.3 27287.348789
6.32 27284.310554
7.76 38822.060249
7.78 38692.163474
7.8 38690.480821
7.82 38605.310942
7.84 38452.817131
7.86 38347.915668
7.88 38347.706159
7.9 38347.366814
7.92 38322.536929
7.94 38161.207029
7.96 38002.668009
7.98 37847.017977
8 37694.527452
8.02 37551.13195
8.04 37397.176925
8.06 37248.669516
8.08 37099.579405
8.1 36953.44993
8.12 36810.191149
8.14 36669.930815
8.16 36533.866891
8.18 36401.313003
8.2 36270.156572
8.22 36141.001366
8.24 36014.1272
8.26 35889.840173
8.28 35768.39002
8.3 35650.28342
8.32 35534.76676
8.34 35420.022979
8.36 35306.667516
8.38 35195.103867
8.4 35085.436713
8.42 34977.687272
8.44 34871.867558
8.46 34767.902786
8.48 34665.787406
8.5 34589.246273
8.52 34514.502081
8.54 34433.834645
8.56 34339.826107
8.58 34258.07348
8.6 34230.043034
8.62 34162.298924
8.64 34095.82069
8.66 34030.500709
8.68 33966.467019
8.7 33903.609004
8.72 33841.898082
8.74 33781.306514
8.76 33721.807131
8.78 33663.300604
8.8 33605.90339
8.82 33549.514056
8.84 33494.084585
8.86 33439.450986
8.88 33378.537285
8.9 33297.002722
8.92 33215.747974
8.94 33135.61034
8.96 33056.626346
8.98 32978.7914
9 32902.119149
9.02 32833.188884
9.04 32777.520727
9.06 32705.40736
9.08 32666.119373
9.1 32664.499203
9.12 32632.539691
9.14 32594.373615
9.16 32556.848968
9.18 32516.260334
9.2 32455.271271
9.22 32395.234424
9.24 32336.090531
9.26 32277.843299
9.28 32220.475643
9.3 32163.970858
9.32 32108.312625
9.34 32053.504387
9.36 31999.490895
9.38 31946.277218
9.4 31893.848475
9.42 31844.29981
9.44 31797.313303
9.46 31747.106366
9.48 31695.652897
9.5 31645.688432
9.52 31600.899773
9.54 31553.547275
9.56 31506.891198
9.58 31460.881098
9.6 31415.524547
9.62 31370.809841
9.64 31326.725507
9.66 31283.260307
9.68 31240.421217
9.7 31198.160713
9.72 31156.486997
9.74 31115.389726
9.76 31074.858774
9.78 31039.682666
9.8 30995.473752
9.82 30956.58248
9.84 30918.219211
9.86 30882.207866
9.88 30851.368335
9.9 30814.513464
9.92 30778.133723
9.94 30742.238901
9.96 30706.820837
9.98 30671.87154
10 30637.38317
10.02 30616.390679
10.04 30604.665893
10.06 30593.132278
10.08 30581.775423
10.1 30570.583958
10.12 30559.544679
10.14 30548.647463
10.16 30537.80175
10.18 30526.642648
10.2 30499.269958
10.22 30467.867483
10.24 30430.31793
10.26 30391.486956
10.28 30352.950295
10.3 30314.954824
10.32 30278.455278
10.34 30258.541389
10.36 30250.246918
10.38 30242.665445
10.4 30235.305062
10.42 30207.785341
10.44 30177.066609
10.46 30146.713691
10.48 30125.346193
10.5 30116.74592
10.52 30108.242795
10.54 30099.769307
10.56 30091.202031
10.58 30082.223504
10.6 30067.723434
10.62 30042.136769
10.64 30016.850377
10.66 29993.947289
10.68 29967.160498
10.7 29942.763035
10.72 29913.224142
10.74 29882.715953
10.76 29866.587222
10.78 29848.351107
10.8 29829.42162
10.82 29806.626084
10.84 29784.089441
10.86 29761.807932
10.88 29739.777864
10.9 29724.781045
10.92 29703.230658
10.94 29684.899877
10.96 29680.891419
10.98 29676.937796
11 29672.984794
11.02 29668.939164
11.04 29664.548771
11.06 29641.63837
11.08 29634.261774
11.1 29620.941236
11.12 29594.582575
11.14 29574.884849
11.16 29554.06648
11.18 29543.669186
11.2 29543.12784
11.22 29542.980247
11.24 29542.886563
11.26 29542.823536
11.28 29542.751763
11.3 29542.677582
11.32 29542.589677
11.34 29526.613856
11.36 29512.223145
11.38 29493.870692
11.4 29475.694685
11.42 29457.706234
11.44 29439.902846
11.46 29422.282082
11.48 29404.854865
11.5 29387.591914
11.52 29370.504408
11.54 29359.693276
11.56 29342.928078
11.58 29326.331729
11.6 29316.123214
11.62 29296.779408
11.64 29291.202005
11.66 29290.99548
11.68 29290.797387
11.7 29290.570873
11.72 29290.265032
11.74 29289.658555
11.76 29287.583571
11.78 29275.608197
11.8 29254.555519
11.82 29232.423524
11.84 29210.309865
11.86 29188.56794
11.88 29167.658611
11.9 29148.770246
11.92 29131.121469
11.94 29110.648801
11.96 29090.61971
11.98 29074.738858
12 29068.334245
12.02 29066.444378
12.04 29065.592839
12.06 29065.069309
12.08 29064.651969
12.1 29064.263272
12.12 29063.836883
12.14 29055.882174
12.16 29039.633183
12.18 29023.514468
12.2 29007.537023
12.22 28991.699288
12.24 28975.999705
12.26 28960.436732
12.28 28945.020526
12.3 28929.725894
12.32 28914.563361
12.34 28899.531451
12.36 28884.628694
12.38 28869.865217
12.4 28854.502849
12.42 28836.210776
12.44 28818.473465
12.46 28801.597344
12.48 28785.383928
12.5 28768.234547
12.52 28750.398306
12.54 28732.468581
12.56 28714.604763
12.58 28696.857526
12.6 28679.249417
12.62 28661.806384
12.64 28644.520769
12.66 28630.988359
12.68 28621.074892
12.7 28611.247228
12.72 28601.515552
12.74 28591.856246
12.76 28582.279858
12.78 28572.785467
12.8 28563.372166
12.82 28554.039065
12.84 28544.796243
12.86 28535.621595
12.88 28533.654184
12.9 28526.332244
12.92 28514.531047
12.94 28502.823931
12.96 28491.228446
12.98 28482.178057
13 28473.527143
13.02 28464.948524
13.04 28456.441097
13.06 28448.014748
13.08 28439.647024
13.1 28431.348149
13.12 28423.117385
13.14 28414.953993
13.16 28404.237539
13.18 28394.150286
13.2 28383.107063
13.22 28375.228218
13.24 28367.413244
13.26 28359.661391
13.28 28351.971998
13.3 28344.354653
13.32 28336.787982
13.34 28329.281843
13.36 28321.835609
13.38 28314.448659
13.4 28307.130649
13.42 28299.860195
13.44 28292.647218
13.46 28285.491129
13.48 28278.391345
13.5 28271.347291
13.52 28264.368449
13.54 28257.433926
13.56 28250.553457
13.58 28243.726496
13.6 28236.952504
13.62 28230.230945
13.64 28223.571132
13.66 28216.952641
13.68 28210.385028
13.7 28203.867773
13.72 28191.823012
13.74 28178.922569
13.76 28166.069949
13.78 28153.288549
13.8 28140.584929
13.82 28127.962504
