2.5 28159.624905
2.52 28153.50266
2.54 28147.416488
2.56 28141.375946
2.58 28135.380587
2.6 28129.429974
2.62 28123.533352
2.64 28117.670717
2.66 28111.851545
2.68 28106.075416
2.7 28100.341918
2.72 28094.65064
2.74 28089.01066
2.76 28083.402374
2.78 28076.608014
2.8 28068.568323
2.82 28060.584634
2.84 28052.656513
2.86 28042.614662
2.88 28031.001109
2.9 28019.456706
2.92 28007.982331
2.94 27996.578561
2.96 27985.255042
2.98 27973.99319
3 27962.802601
3.02 27951.683301
3.04 27940.635282
3.06 27929.658538
3.08 27918.762175
3.1 27907.927986
3.12 27897.303619
3.14 27892.850291
3.16 27886.056078
3.18 27880.176254
3.2 27875.834923
3.22 27871.514933
3.24 27867.225139
3.26 27862.965265
3.28 27858.735037
3.3 27854.543169
3.32 27850.371245
3.34 27846.228172
3.36 27842.113693
3.38 27838.027551
3.4 27833.969494
3.42 27829.948091
3.44 27825.945295
3.46 27821.969894
3.48 27818.021835
3.5 27814.119857
3.52 27812.165574
3.54 27806.686808
3.56 27802.502141
3.58 27796.751887
3.6 27792.359464
3.62 27783.524151
3.64 27775.982005
3.66 27769.956866
3.68 27763.97053
3.7 27758.022487
3.72 27752.112403
3.74 27746.239959
3.76 27740.413357
3.78 27734.615092
3.8 27728.853545
3.82 27723.128415
3.84 27717.439402
3.86 27711.786212
3.88 27706.176912
3.9 27700.594326
3.92 27695.046695
3.94 27689.533734
3.96 27684.055163
3.98 27678.619081
4 27673.208294
4.02 27667.831073
4.04 27662.487147
4.06 27657.176249
4.08 27651.898117
4.1 27646.660722
4.12 27641.447189
4.14 27636.265669
4.16 27631.115956
4.18 27625.998116
4.2 27621.643275
4.22 27618.846088
4.24 27616.067782
4.26 27613.307153
4.28 27607.215918
4.3 27604.409384
4.32 27599.601445
4.34 27596.921769
4.36 27594.258903
4.38 27591.612708
4.4 27588.983049
4.42 27586.36979
4.44 27583.780767
4.46 27581.19976
4.48 27578.634759
4.5 27576.085634
4.52 27573.552256
4.54 27571.042482
4.56 27568.540072
4.58 27566.053034
4.6 27563.581246
4.62 27561.124583
4.64 27558.682926
4.66 27556.264004
4.68 27553.851856
4.7 27551.454357
4.72 27543.892313
4.74 27536.258077
4.76 27528.727888
4.78 27521.340304
4.8 27514.138468
4.82 27507.225466
4.84 27500.717446
4.86 27494.408395
4.88 27487.580775
4.9 27480.356516
4.92 27473.030043
4.94 27468.591919
4.96 27466.59954
4.98 27464.618997
5 27462.657796
5.02 27460.70049
5.04 27458.754734
5.06 27456.820441
5.08 27454.89752
5.1 27452.985884
5.12 27451.092936
5.14 27449.203479
5.16 27447.325051
5.18 27445.457568
5.2 27443.600947
5.22 27441.762605
5.24 27439.927327
5.26 27438.102666
5.28 27436.28854
5.3 27433.797264
5.32 27429.732149
5.34 27427.808629
5.36 27424.248673
5.38 27422.495683
5.4 27420.752729
5.42 27419.019734
5.44 27417.296624
5.46 27415.590596
5.48 27413.88691
5.5 27412.192892
5.52 27410.508469
5.54 27408.83357
5.56 27407.175406
5.58 27405.519212
5.6 27403.872205
5.62 27400.553849
5.64 27396.925191
5.66 27393.315899
5.68 27389.733052
5.7 27386.162064
5.72 27382.6101
5.74 27379.077029
5.76 27375.56271
5.78 27372.073803
5.8 27365.917685
5.82 27359.437003
5.84 27352.986201
5.86 27346.565514
5.88 27340.175088
5.9 27337.249077
5.92 27334.461762
5.94 27331.821465
5.96 27330.497279
5.98 27329.180331
6 27327.870559
6.02 27326.574869
6.04 27325.279115
6.06 27323.990007
6.08 27321.800852
6.1 27319.647658
6.12 27318.390114
6.14 27317.132321
6.16 27315.881306
6.18 27314.63702
6.2 27313.399413
6.22 27312.168439
6.24 27310.950933
6.26 27309.732974
6.28 27308.521509
6.3 27304.142561
6.32 27298.111605
7.76 38893.928857
7.78 38887.214339
7.8 38761.299321
7.82 38689.612878
7.84 38688.929599
7.86 38688.312787
7.88 38654.603011
7.9 38487.210908
7.92 38345.691358
7.94 38194.572966
7.96 38029.46707
7.98 37867.252529
8 37707.877749
8.02 37555.878138
8.04 37400.753318
8.06 37251.749933
8.08 37109.453329
8.1 36966.101415
8.12 36824.053576
8.14 36685.215111
8.16 36549.010075
8.18 36415.01117
8.2 36283.244579
8.22 36153.874915
8.24 36027.044994
8.26 35903.044697
8.28 35783.012482
8.3 35676.373424
8.32 35580.898013
8.34 35468.888403
8.36 35357.689412
8.38 35248.154002
8.4 35140.372454
8.42 35034.347171
8.44 34930.082403
8.46 34827.502462
8.48 34726.605532
8.5 34627.367463
8.52 34529.774289
8.54 34441.29066
8.56 34369.471692
8.58 34299.087817
8.6 34251.114098
8.62 34250.444829
8.64 34250.092159
8.66 34249.766651
8.68 34248.818896
8.7 34181.014992
8.72 34086.995293
8.74 33993.944453
8.76 33902.244887
8.78 33811.928979
8.8 33722.944071
8.82 33635.297752
8.84 33548.991047
8.86 33464.136708
8.88 33387.719684
8.9 33323.17451
8.92 33241.912753
8.94 33161.709837
8.96 33082.664793
8.98 33004.777349
9 32928.079032
9.02 32852.669172
9.04 32792.297819
9.06 32751.115109
9.08 32710.884854
9.1 32671.411396
9.12 32664.183058
9.14 32641.107889
9.16 32578.199672
9.18 32519.954411
9.2 32461.655032
9.22 32401.588323
9.24 32342.414514
9.26 32284.137347
9.28 32226.739767
9.3 32170.205093
9.32 32114.517022
9.34 32059.67901
9.36 32005.635815
9.38 31952.392498
9.4 31899.934138
9.42 31848.246056
9.44 31799.613615
9.46 31747.331219
9.48 31697.689434
9.5 31648.942602
9.52 31609.998263
9.54 31562.599825
9.56 31515.89812
9.58 31469.842755
9.6 31424.441321
9.62 31379.682115
9.64 31335.553668
9.66 31292.044737
9.68 31249.162296
9.7 31206.858816
9.72 31165.142497
9.74 31124.002992
9.76 31083.430172
9.78 31043.414131
9.8 31003.962502
9.82 30965.030443
9.84 30926.626744
9.86 30888.742336
9.88 30882.155669
9.9 30882.155936
9.92 30882.145204
9.94 30882.136265
9.96 30882.127147
9.98 30882.115027
10 30864.608967
10.02 30844.921616
10.04 30818.356882
10.06 30781.242695
10.08 30740.182046
10.1 30698.472887
10.12 30656.918307
10.14 30615.825297
10.16 30575.394463
10.18 30536.168704
10.2 30508.860758
10.22 30474.831942
10.24 30455.865681
10.26 30442.017637
10.28 30429.416906
10.3 30399.71393
10.32 30366.788299
10.34 30334.243867
10.36 30302.091111
10.38 30270.292609
10.4 30238.860086
10.42 30228.08961
10.44 30220.98956
10.46 30214.007269
10.48 30207.099561
10.5 30200.264113
10.52 30173.148755
10.54 30146.314915
10.56 30119.800174
10.58 30093.614953
10.6 30071.554423
10.62 30046.849513
10.64 30021.54435
10.66 29996.535102
10.68 29971.817312
10.7 29945.275713
10.72 29918.633049
10.74 29894.78164
10.76 29871.204712
10.78 29852.464529
10.8 29836.343804
10.82 29813.520518
10.84 29790.956328
10.86 29768.647472
10.88 29746.590254
10.9 29727.917788
10.92 29725.926624
10.94 29723.960948
10.96 29722.023184
10.98 29720.100893
11 29713.420889
11.02 29689.239929
11.04 29665.333468
11.06 29658.690785
11.08 29645.241073
11.1 29631.479973
11.12 29608.40145
11.14 29582.155579
11.16 29576.235413
11.18 29575.604681
11.2 29575.129617
11.22 29574.693588
11.24 29574.274462
11.26 29573.877212
11.28 29573.467569
11.3 29564.288686
11.32 29545.352369
11.34 29530.781452
11.36 29517.635963
11.38 29500.154121
11.4 29481.955051
11.42 29463.943664
11.44 29444.186405
11.46 29428.318295
11.48 29409.393137
11.5 29393.739256
11.52 29376.629581
11.54 29367.334054
11.56 29355.360019
11.58 29335.641508
11.6 29322.429824
11.62 29322.094093
11.64 29321.783678
11.66 29321.478924
11.68 29321.161281
11.7 29320.794703
11.72 29320.262189
11.74 29318.316648
11.76 29304.160815
11.78 29290.171045
11.8 29267.78875
11.82 29244.816949
11.84 29221.997091
11.86 29199.41604
11.88 29177.169591
11.9 29155.715948
11.92 29139.91532
11.94 29134.375069
11.96 29132.187214
11.98 29130.977186
12 29130.122406
12.02 29129.395114
12.04 29128.667315
12.06 29122.387908
12.08 29105.540555
12.1 29088.840882
12.12 29072.289168
12.14 29063.2794
12.16 29062.363922
12.18 29060.117073
12.2 29049.377522
12.22 29029.85988
12.24 29009.854388
12.26 28989.871316
12.28 28970.006507
12.3 28950.271011
12.32 28930.698414
12.34 28911.307339
12.36 28892.119258
12.38 28873.176599
12.4 28855.219335
12.42 28840.693453
12.44 28825.943483
12.46 28807.92014
12.48 28792.129516
12.5 28782.057031
12.52 28769.907884
12.54 28756.107155
12.56 28742.420837
12.58 28728.848757
12.6 28715.389853
12.62 28702.054123
12.64 28688.817775
12.66 28675.691097
12.68 28662.672923
12.7 28649.762105
12.72 28636.968696
12.74 28624.268907
12.76 28611.673116
12.78 28599.18023
12.8 28586.789174
12.82 28574.498892
12.84 28562.319295
12.86 28550.22733
12.88 28538.234531
12.9 28533.057918
12.92 28532.400325
12.94 28531.573908
12.96 28530.349587
12.98 28528.080012
13 28522.744193
13.02 28510.842845
13.04 28495.773355
13.06 28480.360748
13.08 28464.946359
13.1 28449.610264
13.12 28434.374417
13.14 28419.248385
13.16 28406.857312
13.18 28397.706395
13.2 28386.198288
13.22 28378.310573
13.24 28370.486744
13.26 28362.726087
13.28 28355.027937
13.3 28347.401882
13.32 28339.826545
13.34 28332.311784
13.36 28324.856972
13.38 28317.461488
13.4 28310.134986
13.42 28302.856084
13.44 28295.634701
13.46 28288.470247
13.48 28281.362141
13.5 28274.309807
13.52 28267.322725
13.54 28260.380004
13.56 28253.491377
13.58 28246.656298
13.6 28239.874227
13.62 28233.14463
13.64 28226.476817
13.66 28219.850361
13.68 28213.274802
13.7 28204.760893
13.72 28197.40042
13.74 28190.992282
13.76 28184.622944
13.78 28178.302012
13.8 28172.029008
13.82 28165.803461
