2.5 28281.773746
2.52 28275.056155
2.54 28268.378884
2.56 28261.751433
2.58 28255.173315
2.6 28248.644053
2.62 28242.172855
2.64 28235.739681
2.66 28229.353967
2.68 28223.015261
2.7 28219.251371
2.72 28214.684106
2.74 28208.482194
2.76 28202.315874
2.78 28196.194413
2.8 28190.117379
2.82 28184.084337
2.84 28178.094814
2.86 28172.157238
2.88 28165.22423
2.9 28156.882319
2.92 28150.475834
2.94 28144.708419
2.96 28136.293362
2.98 28130.614943
3 28120.383634
3.02 28108.602803
3.04 28100.057225
3.06 28092.157711
3.08 28084.32089
3.1 28076.527764
3.12 28068.787193
3.14 28061.098715
3.16 28053.461876
3.18 28045.876224
3.2 28038.350281
3.22 28030.865487
3.24 28023.430564
3.26 28016.045082
3.28 28008.708614
3.3 28001.42972
3.32 27994.189834
3.34 27986.997712
3.36 27979.852947
3.38 27972.755135
3.4 27965.703875
3.42 27958.707586
3.44 27951.748067
3.46 27944.833927
3.48 27937.964783
3.5 27931.140257
3.52 27924.359971
3.54 27917.632207
3.56 27910.939117
3.58 27904.289169
3.6 27897.682005
3.62 27891.117275
3.64 27884.603311
3.66 27878.122303
3.68 27871.683155
3.7 27866.285066
3.72 27862.257446
3.74 27854.599473
3.76 27850.642627
3.78 27845.209368
3.8 27840.387909
3.82 27836.505954
3.84 27832.649416
3.86 27828.818076
3.88 27825.020086
3.9 27821.23842
3.92 27819.214572
3.94 27816.110759
3.96 27812.397136
3.98 27808.715461
4 27805.048926
4.02 27801.405926
4.04 27797.786278
4.06 27794.189793
4.08 27790.616282
4.1 27787.073785
4.12 27783.545491
4.14 27780.039607
4.16 27776.555946
4.18 27771.267293
4.2 27767.368501
4.22 27759.083193
4.24 27750.295486
4.26 27741.506975
4.28 27732.732645
4.3 27723.98221
4.32 27715.270186
4.34 27706.584767
4.36 27697.937222
4.38 27689.329724
4.4 27680.76382
4.42 27672.240616
4.44 27663.768826
4.46 27656.684238
4.48 27653.822526
4.5 27650.978451
4.52 27648.151857
4.54 27645.350583
4.56 27642.558373
4.58 27639.783222
4.6 27637.024995
4.62 27634.283553
4.64 27631.558765
4.66 27628.858348
4.68 27626.166327
4.7 27623.490567
4.72 27620.830942
4.74 27618.187321
4.76 27615.559581
4.78 27612.955318
4.8 27610.358824
4.82 27607.777842
4.84 27605.212248
4.86 27600.582843
4.88 27596.953325
4.9 27592.341815
4.92 27589.847498
4.94 27587.367942
4.96 27584.903032
4.98 27582.452654
5 27580.024307
5.02 27577.602524
5.04 27575.194942
5.06 27572.801452
5.08 27570.421947
5.1 27568.056319
5.12 27565.711952
5.14 27563.37363
5.16 27561.048873
5.18 27558.737578
5.2 27556.439641
5.22 27554.162465
5.24 27551.890811
5.26 27549.632206
5.28 27546.936294
5.3 27541.797142
5.32 27534.570277
5.34 27527.444848
5.36 27520.437805
5.38 27513.606109
5.4 27507.033994
5.42 27500.822268
5.44 27494.812463
5.46 27488.367233
5.48 27481.532225
5.5 27474.586264
5.52 27469.385374
5.54 27467.500359
5.56 27465.633227
5.58 27463.769192
5.6 27461.91558
5.62 27460.072315
5.64 27458.239321
5.66 27456.416522
5.68 27454.611014
5.7 27452.808255
5.72 27451.015462
5.74 27449.232546
5.76 27447.459382
5.78 27445.702607
5.8 27442.996715
5.82 27439.358782
5.84 27437.620865
5.86 27435.90114
5.88 27434.190927
5.9 27430.624726
5.92 27428.936623
5.94 27424.895033
5.96 27418.294688
5.98 27411.72602
6 27406.696892
6.02 27403.176283
6.04 27399.666877
6.06 27396.175624
6.08 27392.702398
6.1 27389.247079
6.12 27385.816529
6.14 27382.396549
6.16 27378.99412
6.18 27375.609126
6.2 27372.241453
6.22 27368.890992
6.24 27365.564524
6.26 27362.248107
6.28 27358.94888
6.3 27356.11332
6.32 27354.749799
7.88 38873.66359
7.9 38860.504004
7.92 38856.045379
7.94 38723.727599
7.96 38686.615987
7.98 38686.17418
8 38637.21828
8.02 38476.557564
8.04 38324.390508
8.06 38163.463746
8.08 38011.059767
8.1 37861.337281
8.12 37714.267995
8.14 37575.529056
8.16 37427.516278
8.18 37287.868423
8.2 37150.642783
8.22 37015.81185
8.24 36883.293185
8.26 36752.634879
8.28 36620.215775
8.3 36498.508604
8.32 36374.29844
8.34 36251.955261
8.36 36130.213824
8.38 36009.695599
8.4 35891.52177
8.42 35776.675065
8.44 35668.219719
8.46 35560.737059
8.48 35452.84527
8.5 35346.315176
8.52 35241.381819
8.54 35138.082162
8.56 35036.442268
8.58 34955.586703
8.6 34878.687165
8.62 34803.256396
8.64 34729.243366
8.66 34656.597004
8.68 34585.306614
8.7 34515.316653
8.72 34446.594401
8.74 34379.108962
8.76 34312.830925
8.78 34250.263185
8.8 34249.895348
8.82 34249.173845
8.84 34180.582571
8.86 34089.517706
8.88 33999.764097
8.9 33911.332763
8.92 33824.317423
8.94 33763.736567
8.96 33679.151734
8.98 33595.706235
9 33513.47338
9.02 33432.399554
9.04 33352.504834
9.06 33273.837691
9.08 33197.080871
9.1 33140.584843
9.12 33096.289352
9.14 33053.06611
9.16 33010.626487
9.18 32968.911874
9.2 32927.894806
9.22 32887.575603
9.24 32847.896952
9.26 32805.471162
9.28 32743.012686
9.3 32681.485158
9.32 32627.143324
9.34 32567.416126
9.36 32508.539579
9.38 32449.675231
9.4 32390.896135
9.42 32332.904142
9.44 32275.693399
9.46 32220.793209
9.48 32166.90101
9.5 32113.781766
9.52 32067.41849
9.54 32015.775333
9.56 31964.882788
9.58 31914.689576
9.6 31869.965781
9.62 31825.428825
9.64 31777.271734
9.66 31729.784435
9.68 31682.973214
9.7 31636.78988
9.72 31591.241983
9.74 31546.318531
9.76 31502.00875
9.78 31455.912435
9.8 31406.576127
9.82 31364.085626
9.84 31322.167415
9.86 31280.81172
9.88 31243.060906
9.9 31208.192222
9.92 31168.4268
9.94 31129.187035
9.96 31090.464083
9.98 31052.249285
10 31014.534159
10.02 30977.327182
10.04 30940.586012
10.06 30904.320148
10.08 30882.145022
10.1 30882.13521
10.12 30882.126803
10.14 30882.132836
10.16 30882.120393
10.18 30882.095454
10.2 30869.657268
10.22 30827.549907
10.24 30785.958145
10.26 30745.056856
10.28 30705.350277
10.3 30676.060081
10.32 30643.365024
10.34 30623.956671
10.36 30609.061619
10.38 30595.337845
10.4 30574.142789
10.42 30540.603162
10.44 30507.442033
10.46 30474.671075
10.48 30442.252934
10.5 30410.198747
10.52 30378.503619
10.54 30362.720118
10.56 30354.648579
10.58 30346.699407
10.6 30338.832273
10.62 30331.042549
10.64 30320.299296
10.66 30293.014275
10.68 30266.045138
10.7 30239.402
10.72 30213.050196
10.74 30187.000534
10.76 30161.248588
10.78 30134.945226
10.8 30110.635373
10.82 30085.750297
10.84 30061.146011
10.86 30036.818466
10.88 30012.76368
10.9 29988.977741
10.92 29969.938234
10.94 29946.698718
10.96 29930.484875
10.98 29907.6925
11 29885.150716
11.02 29862.855998
11.04 29840.818828
11.06 29819.007429
11.08 29805.401363
11.1 29802.808371
11.12 29800.241837
11.14 29797.696522
11.16 29793.000885
11.18 29768.987933
11.2 29751.886709
11.22 29734.599441
11.24 29709.379274
11.26 29692.982961
11.28 29668.283955
11.3 29641.851021
11.32 29626.432903
11.34 29623.353841
11.36 29622.30211
11.38 29621.413186
11.4 29620.55503
11.42 29619.718828
11.44 29618.894169
11.46 29618.070618
11.48 29617.238547
11.5 29616.263496
11.52 29597.724511
11.54 29579.301224
11.56 29563.207113
11.58 29543.784653
11.6 29529.177961
11.62 29511.46692
11.64 29495.703136
11.66 29482.628227
11.68 29465.41676
11.7 29448.37446
11.72 29431.510403
11.74 29414.810902
11.76 29403.364915
11.78 29403.151456
11.8 29402.956691
11.82 29402.755428
11.84 29402.468522
11.86 29401.955538
11.88 29400.172373
11.9 29384.731186
11.92 29364.760452
11.94 29349.713962
11.96 29327.45096
11.98 29319.410182
12 29318.826078
12.02 29318.501205
12.04 29318.243311
12.06 29318.022132
12.08 29317.795131
12.1 29301.98546
12.12 29290.543194
12.14 29290.24902
12.16 29286.035677
12.18 29271.334464
12.2 29256.767742
12.22 29242.333924
12.24 29228.031448
12.26 29213.858772
12.28 29197.257819
12.3 29177.144868
12.32 29158.152477
12.34 29141.449006
12.36 29123.485794
12.38 29104.085236
12.4 29085.747399
12.42 29072.516599
12.44 29067.770246
12.46 29066.231119
12.48 29065.474598
12.5 29053.40916
12.52 29040.79238
12.54 29028.285998
12.56 29015.888765
12.58 29003.599452
12.6 28991.416844
12.62 28979.350906
12.64 28967.377843
12.66 28955.507951
12.68 28943.740079
12.7 28932.073094
12.72 28920.517068
12.74 28909.048231
12.76 28897.676978
12.78 28886.402236
12.8 28875.222945
12.82 28864.138059
12.84 28853.157477
12.86 28842.258042
12.88 28828.157229
12.9 28811.709214
12.92 28796.077608
12.94 28780.617184
12.96 28764.205612
12.98 28747.379209
13 28730.516841
13.02 28713.723021
13.04 28697.034617
13.06 28680.479802
13.08 28664.048596
13.1 28647.763337
13.12 28631.639137
13.14 28615.700474
13.16 28599.992755
13.18 28584.621636
13.2 28569.797623
13.22 28556.183732
13.24 28545.536589
13.26 28539.655161
13.28 28536.996466
13.3 28535.613406
13.32 28534.719093
13.34 28534.034054
13.36 28533.428003
13.38 28532.816861
13.4 28532.11879
13.42 28531.181785
13.44 28529.686352
13.46 28526.698545
13.48 28519.471141
13.5 28506.679797
13.52 28492.302963
13.54 28477.759827
13.56 28463.246805
13.58 28448.80825
13.6 28434.459937
13.62 28420.20918
13.64 28406.069986
13.66 28392.025875
13.68 28378.089857
13.7 28364.265428
13.72 28350.557123
13.74 28336.980814
13.76 28323.526337
13.78 28310.217464
13.8 28299.736612
13.82 28290.707731
