2.5 28286.105672
2.52 28279.37646
2.54 28272.687614
2.56 28266.048642
2.58 28259.45906
2.6 28252.91839
2.62 28246.43584
2.64 28239.991368
2.66 28233.594411
2.68 28227.244515
2.7 28220.941228
2.72 28218.234992
2.74 28217.110376
2.76 28215.702552
2.78 28207.814053
2.8 28199.177376
2.82 28190.598949
2.84 28182.079727
2.86 28173.629206
2.88 28166.256387
2.9 28160.394071
2.92 28154.574687
2.94 28145.231449
2.96 28138.991768
2.98 28132.239848
3 28124.976924
3.02 28119.378905
3.04 28113.820528
3.06 28108.301425
3.08 28102.830374
3.1 28097.388548
3.12 28091.984927
3.14 28086.619165
3.16 28081.290915
3.18 28075.999836
3.2 28070.754555
3.22 28065.536621
3.24 28060.354859
3.26 28055.208944
3.28 28050.098553
3.3 28045.032348
3.32 28039.991863
3.34 28034.985957
3.36 28030.014322
3.38 28025.076651
3.4 28020.172643
3.42 28015.310813
3.44 28007.437546
3.46 27996.666629
3.48 27985.959276
3.5 27975.315623
3.52 27964.735722
3.54 27954.228189
3.56 27943.775577
3.58 27933.386652
3.6 27923.061401
3.62 27912.799868
3.64 27902.610805
3.66 27892.477161
3.68 27882.408353
3.7 27872.405534
3.72 27862.470951
3.74 27858.257426
3.76 27853.908085
3.78 27846.704029
3.8 27842.790508
3.82 27838.902904
3.84 27835.040776
3.86 27831.203897
3.88 27827.400439
3.9 27823.613424
3.92 27819.853596
3.94 27818.429415
3.96 27815.96144
3.98 27812.272656
4 27808.598176
4.02 27804.94714
4.04 27801.319453
4.06 27797.714946
4.08 27794.133437
4.1 27790.582972
4.12 27787.046741
4.14 27783.532948
4.16 27780.041322
4.18 27773.094328
4.2 27767.846245
4.22 27763.955423
4.24 27760.563824
4.26 27757.193531
4.28 27753.844367
4.3 27750.51616
4.32 27747.216844
4.34 27743.929886
4.36 27740.663379
4.38 27737.417157
4.4 27734.191054
4.42 27730.984909
4.44 27727.806528
4.46 27724.639666
4.48 27721.492285
4.5 27718.364227
4.52 27715.255338
4.54 27712.173448
4.56 27709.102291
4.58 27706.049848
4.6 27703.01597
4.62 27698.833343
4.64 27690.38613
4.66 27681.993384
4.68 27673.639711
4.7 27665.332966
4.72 27657.073169
4.74 27648.860343
4.76 27640.694528
4.78 27632.58327
4.8 27624.51162
4.82 27616.487419
4.84 27608.511001
4.86 27602.661926
4.88 27598.940211
4.9 27594.439732
4.92 27591.94101
4.94 27589.457067
4.96 27586.987789
4.98 27584.533059
5 27582.100377
5.02 27579.674276
5.04 27577.262392
5.06 27574.864617
5.08 27572.480842
5.1 27570.110959
5.12 27567.762353
5.14 27565.419807
5.16 27563.090837
5.18 27560.775339
5.2 27558.473202
5.22 27556.191805
5.24 27553.915772
5.26 27551.235121
5.28 27547.386723
5.3 27542.661822
5.32 27538.408147
5.34 27532.668602
5.36 27525.384838
5.38 27518.169338
5.4 27511.061342
5.42 27504.197998
5.44 27498.138173
5.46 27493.911779
5.48 27491.40084
5.5 27489.891353
5.52 27488.90383
5.54 27488.186997
5.56 27487.59396
5.58 27485.181358
5.6 27481.253589
5.62 27477.336332
5.64 27473.438369
5.66 27469.560661
5.68 27465.710544
5.7 27461.873537
5.72 27458.056854
5.74 27454.260402
5.76 27450.484119
5.78 27446.735556
5.8 27443.951144
5.82 27442.206305
5.84 27440.471648
5.86 27438.746562
5.88 27437.030858
5.9 27432.497152
5.92 27430.805401
5.94 27427.25772
5.96 27425.587935
5.98 27423.927207
6 27422.275471
6.02 27420.639636
6.04 27419.005579
6.06 27417.380327
6.08 27415.763816
6.1 27414.155984
6.12 27412.563755
6.14 27410.972988
6.16 27409.390721
6.18 27407.816894
6.2 27406.251448
6.22 27404.694325
6.24 27403.152348
6.26 27401.611586
6.28 27400.078976
6.3 27397.33585
6.32 27391.042185
7.88 38996.302576
7.9 38989.913186
7.92 38873.442266
7.94 38851.958968
7.96 38848.086056
7.98 38800.890963
8 38656.520533
8.02 38489.010366
8.04 38346.003146
8.06 38197.263934
8.08 38037.811514
8.1 37880.896785
8.12 37727.366902
8.14 37606.884155
8.16 37457.703998
8.18 37311.311044
8.2 37167.684358
8.22 37026.796879
8.24 36888.556873
8.26 36753.416526
8.28 36624.945721
8.3 36506.513632
8.32 36379.331525
8.34 36254.535493
8.36 36133.433623
8.38 36015.47092
8.4 35899.807221
8.42 35786.795703
8.44 35684.010358
8.46 35640.972265
8.48 35631.315697
8.5 35577.33223
8.52 35493.901111
8.54 35412.032772
8.56 35331.709849
8.58 35252.846132
8.6 35175.424249
8.62 35099.402613
8.64 35024.735109
8.66 34951.370661
8.68 34879.213846
8.7 34808.084468
8.72 34737.317523
8.74 34655.951739
8.76 34558.55911
8.78 34462.050095
8.8 34366.879694
8.82 34273.162288
8.84 34205.36463
8.86 34114.799868
8.88 34025.189866
8.9 33936.834464
8.92 33849.710758
8.94 33766.389082
8.96 33710.716568
8.98 33656.06021
9 33602.270192
9.02 33549.438453
9.04 33497.491004
9.06 33446.408594
9.08 33396.172239
9.1 33340.822186
9.12 33270.263912
9.14 33200.769511
9.16 33132.339255
9.18 33064.952761
9.2 32998.590115
9.22 32933.252075
9.24 32868.87823
9.26 32808.865052
9.28 32749.344873
9.3 32687.791144
9.32 32630.892877
9.34 32569.695283
9.36 32509.294416
9.38 32450.561967
9.4 32393.397743
9.42 32337.071459
9.44 32281.562716
9.46 32226.874604
9.48 32172.954294
9.5 32119.806921
9.52 32076.66874
9.54 32024.978756
9.56 31974.039758
9.58 31923.800476
9.6 31874.267663
9.62 31844.078539
9.64 31818.539638
9.66 31775.99574
9.68 31720.943952
9.7 31666.470693
9.72 31612.66943
9.74 31559.587483
9.76 31507.288814
9.78 31458.302078
9.8 31415.205478
9.82 31372.673428
9.84 31325.976944
9.86 31289.31748
9.88 31248.474214
9.9 31224.532078
9.92 31206.525908
9.94 31188.828913
9.96 31171.401698
9.98 31154.226483
10 31137.288751
10.02 31120.579697
10.04 31104.044401
10.06 31087.596896
10.08 31070.822085
10.1 31052.210443
10.12 31028.99026
10.14 30995.298689
10.16 30954.472094
10.18 30912.114014
10.2 30881.898655
10.22 30846.510381
10.24 30804.178954
10.26 30762.368452
10.28 30721.339887
10.3 30685.280983
10.32 30670.604505
10.34 30659.003341
10.36 30642.390757
10.38 30608.073949
10.4 30582.150853
10.42 30569.283901
10.44 30556.653648
10.46 30544.20702
10.48 30531.888967
10.5 30519.641335
10.52 30490.89811
10.54 30461.615558
10.56 30432.678697
10.58 30404.097593
10.6 30375.836076
10.62 30347.904951
10.64 30323.278135
10.66 30297.753505
10.68 30270.765551
10.7 30244.103734
10.72 30217.733384
10.74 30191.665308
10.76 30165.895028
10.78 30135.790028
10.8 30111.937584
10.82 30090.342763
10.84 30065.720713
10.86 30041.375528
10.88 30017.303226
10.9 29993.499894
10.92 29969.976067
10.94 29953.531434
10.96 29937.282477
10.98 29933.445158
11 29929.67073
11.02 29925.944816
11.04 29922.266544
11.06 29916.792378
11.08 29891.524041
11.1 29866.511442
11.12 29841.753398
11.14 29817.260731
11.16 29795.087919
11.18 29792.0098
11.2 29773.546984
11.22 29752.10461
11.24 29724.901675
11.26 29700.453822
11.28 29695.915585
11.3 29694.152742
11.32 29692.578817
11.34 29691.067328
11.36 29689.589748
11.38 29688.147112
11.4 29686.702562
11.42 29685.252708
11.44 29673.304774
11.46 29654.11641
11.48 29635.13645
11.5 29616.335436
11.52 29601.813182
11.54 29583.375561
11.56 29565.123479
11.58 29547.053975
11.6 29535.300896
11.62 29517.568027
11.64 29500.011227
11.66 29493.417737
11.68 29473.345711
11.7 29453.298279
11.72 29433.452084
11.74 29416.740312
11.76 29415.520577
11.78 29414.339504
11.8 29413.16403
11.82 29411.967215
11.84 29410.633241
11.86 29408.81422
11.88 29403.673087
11.9 29393.331869
11.92 29373.053143
11.94 29357.522108
11.96 29355.776667
11.98 29354.933976
12 29354.266138
12.02 29353.660392
12.04 29353.077927
12.06 29338.015918
12.08 29319.921507
12.1 29317.562534
12.12 29315.835367
12.14 29300.860669
12.16 29289.729226
12.18 29275.039563
12.2 29260.46093
12.22 29246.015266
12.24 29231.701005
12.26 29217.516442
12.28 29199.826065
12.3 29185.908108
12.32 29166.206715
12.34 29147.206333
12.36 29136.846763
12.38 29131.486866
12.4 29118.180859
12.42 29104.993102
12.44 29091.922238
12.46 29078.966931
12.48 29066.125869
12.5 29056.931492
12.52 29044.303818
12.54 29031.786596
12.56 29019.37858
12.58 29007.078542
12.6 28994.885267
12.62 28982.808717
12.64 28970.825099
12.66 28958.944707
12.68 28947.166391
12.7 28935.489018
12.72 28923.922657
12.74 28912.443539
12.76 28901.062058
12.78 28889.777141
12.8 28878.587726
12.82 28867.492767
12.84 28856.502156
12.86 28845.183982
12.88 28831.449969
12.9 28818.414101
12.92 28801.874776
12.94 28788.315868
12.96 28780.254865
12.98 28776.124872
13 28768.475618
13.02 28758.279768
13.04 28748.16771
13.06 28738.149259
13.08 28728.201855
13.1 28718.335607
13.12 28708.549657
13.14 28698.843159
13.16 28689.215276
13.18 28679.675654
13.2 28670.202281
13.22 28660.805083
13.24 28651.483265
13.26 28642.236026
13.28 28632.956444
13.3 28621.228321
13.32 28609.577594
13.34 28598.015235
13.36 28586.540428
13.38 28575.152338
13.4 28563.8604
13.42 28552.643024
13.44 28541.509966
13.46 28530.460787
13.48 28519.56168
13.5 28508.606357
13.52 28497.812098
13.54 28485.079139
13.56 28470.896385
13.58 28456.638089
13.6 28442.383446
13.62 28428.171224
13.64 28414.032008
13.66 28399.958047
13.68 28385.966774
13.7 28372.063122
13.72 28358.250714
13.74 28344.542446
13.76 28330.92181
13.78 28317.403267
13.8 28303.99406
13.82 28292.895601
