2.5 28533.20084
2.52 28527.91156
2.54 28519.999568
2.56 28512.146026
2.58 28504.350452
2.6 28496.6123
2.62 28488.940704
2.64 28481.315544
2.66 28473.746184
2.68 28466.23209
2.7 28458.772723
2.72 28448.513437
2.74 28441.178971
2.76 28428.626747
2.78 28415.248206
2.8 28401.937488
2.82 28388.700796
2.84 28375.542279
2.86 28362.474201
2.88 28349.480349
2.9 28336.572651
2.92 28323.754128
2.94 28311.02926
2.96 28298.414936
2.98 28285.907705
3 28273.551079
3.02 28261.436165
3.04 28249.85439
3.06 28239.689499
3.08 28232.189617
3.1 28227.445117
3.12 28224.559744
3.14 28222.678528
3.16 28221.308176
3.18 28220.190923
3.2 28219.175588
3.22 28218.161012
3.24 28217.035862
3.26 28215.650248
3.28 28213.74657
3.3 28210.851919
3.32 28206.236757
3.34 28199.36318
3.36 28190.559217
3.38 28180.598932
3.4 28170.047604
3.42 28159.213751
3.44 28148.232091
3.46 28137.190965
3.48 28126.134996
3.5 28115.090532
3.52 28104.073888
3.54 28093.104215
3.56 28085.754035
3.58 28080.50527
3.6 28071.859638
3.62 28066.879172
3.64 28061.9404
3.66 28057.025494
3.68 28052.143015
3.7 28047.292685
3.72 28042.474226
3.74 28037.687365
3.76 28032.940346
3.78 28028.215706
3.8 28023.521865
3.82 28018.858561
3.84 28014.225534
3.86 28009.622529
3.88 28005.057654
3.9 28000.513769
3.92 27995.999153
3.94 27991.513561
3.96 27987.056747
3.98 27982.636849
4 27978.236702
4.02 27973.864604
4.04 27967.123451
4.06 27962.812336
4.08 27955.236086
4.1 27945.407041
4.12 27935.637907
4.14 27925.939355
4.16 27916.314688
4.18 27906.768707
4.2 27897.316661
4.22 27887.952971
4.24 27878.703081
4.26 27869.595192
4.28 27860.678115
4.3 27852.041107
4.32 27843.862413
4.34 27836.453007
4.36 27830.341433
4.38 27825.962161
4.4 27823.156179
4.42 27821.365728
4.44 27820.136826
4.46 27819.201112
4.48 27818.418469
4.5 27817.701455
4.52 27816.984469
4.54 27816.204432
4.56 27814.543465
4.58 27808.938789
4.6 27803.354955
4.62 27797.803006
4.64 27792.283131
4.66 27786.803034
4.68 27781.346664
4.7 27775.921798
4.72 27770.528212
4.74 27764.87983
4.76 27757.396998
4.78 27753.501677
4.8 27747.792963
4.82 27744.026934
4.84 27739.394339
4.86 27736.310274
4.88 27733.252214
4.9 27730.204358
4.92 27727.17444
4.94 27724.16232
4.96 27721.167862
4.98 27718.19093
5 27715.239001
5.02 27712.296584
5.04 27709.371297
5.06 27706.463009
5.08 27703.571591
5.1 27700.696914
5.12 27697.846341
5.14 27695.004636
5.16 27692.179298
5.18 27689.370204
5.2 27686.57723
5.22 27680.400389
5.24 27672.472934
5.26 27664.587818
5.28 27656.745041
5.3 27648.944608
5.32 27641.186538
5.34 27633.47804
5.36 27625.804748
5.38 27618.174119
5.4 27610.586393
5.42 27603.041936
5.44 27595.67575
5.46 27593.311026
5.48 27587.925307
5.5 27585.5885
5.52 27583.265026
5.54 27580.954576
5.56 27578.66431
5.58 27576.379435
5.6 27574.107265
5.62 27571.847703
5.64 27569.600659
5.66 27567.366041
5.68 27565.15093
5.7 27562.940773
5.72 27560.742774
5.74 27558.556847
5.76 27556.382904
5.78 27554.228044
5.8 27552.077692
5.82 27549.939071
5.84 27547.812094
5.86 27545.696676
5.88 27541.667383
5.9 27538.221967
5.92 27531.252253
5.94 27524.332179
5.96 27517.47531
5.98 27510.717607
6 27504.180264
6.02 27498.341856
6.04 27494.131117
6.06 27491.565419
6.08 27490.009136
6.1 27488.993533
6.12 27488.257127
6.14 27487.679217
6.16 27487.180837
6.18 27486.714991
6.2 27486.244513
6.22 27485.730982
6.24 27485.117706
6.26 27484.333045
6.28 27483.223498
6.3 27481.522879
6.32 27478.847971
8 38973.085154
8.02 38967.702905
8.04 38962.480557
8.06 38944.782754
8.08 38939.802889
8.1 38778.302534
8.12 38640.560919
8.14 38479.331236
8.16 38347.020036
8.18 38256.420781
8.2 38101.551574
8.22 37949.578133
8.24 37800.410238
8.26 37660.488989
8.28 37520.063613
8.3 37379.434813
8.32 37241.305989
8.34 37105.761349
8.36 36991.890276
8.38 36883.004101
8.4 36783.447805
8.42 36682.351589
8.44 36583.118916
8.46 36485.870793
8.48 36390.46449
8.5 36296.849124
8.52 36204.977436
8.54 36114.804693
8.56 36026.267068
8.58 35939.353894
8.6 35854.014228
8.62 35770.207675
8.64 35687.895144
8.66 35624.991407
8.68 35621.437525
8.7 35553.114443
8.72 35445.580646
8.74 35339.647027
8.76 35235.720801
8.78 35143.044123
8.8 35050.910524
8.82 34953.239232
8.84 34855.496404
8.86 34758.737291
8.88 34663.203567
8.9 34568.986976
8.92 34476.069151
8.94 34384.499135
8.96 34294.533939
8.98 34250.107062
9 34249.008319
9.02 34241.58294
9.04 34168.96524
9.06 34088.947683
9.08 34010.150744
9.1 33932.56112
9.12 33856.177203
9.14 33780.935515
9.16 33706.835153
9.18 33635.689432
9.2 33563.24439
9.22 33491.821655
9.24 33421.458876
9.26 33352.734818
9.28 33285.042967
9.3 33218.351305
9.32 33152.640882
9.34 33093.612764
9.36 33030.383833
9.38 32967.483807
9.4 32905.494502
9.42 32844.399402
9.44 32784.182365
9.46 32724.846377
9.48 32666.35523
9.5 32618.099834
9.52 32561.192052
9.54 32505.086108
9.56 32449.78691
9.58 32395.242368
9.6 32341.458362
9.62 32303.636992
9.64 32269.906726
9.66 32232.248084
9.68 32181.253664
9.7 32124.461313
9.72 32067.312455
9.74 32032.955674
9.76 31976.603738
9.78 31920.736946
9.8 31865.564154
9.82 31811.049185
9.84 31757.206714
9.86 31705.778922
9.88 31661.35596
9.9 31617.537153
9.92 31574.277244
9.94 31531.58477
9.96 31496.398868
9.98 31473.203211
10 31450.649751
10.02 31428.552707
10.04 31406.828547
10.06 31385.434376
10.08 31364.338772
10.1 31343.51226
10.12 31322.918026
10.14 31302.497159
10.16 31282.125484
10.18 31261.493576
10.2 31240.505872
10.22 31222.06426
10.24 31187.576173
10.26 31143.287003
10.28 31099.110201
10.3 31055.351049
10.32 31012.068027
10.34 30969.292377
10.36 30927.099953
10.38 30886.050187
10.4 30882.184262
10.42 30882.153497
10.44 30849.145078
10.46 30813.891185
10.48 30797.129856
10.5 30785.173259
10.52 30773.381513
10.54 30761.74566
10.56 30750.257421
10.58 30726.941336
10.6 30696.232923
10.62 30666.092001
10.64 30640.701888
10.66 30611.027839
10.68 30581.694881
10.7 30552.712804
10.72 30524.046621
10.74 30495.706823
10.76 30467.688672
10.78 30444.22755
10.8 30412.613603
10.82 30385.53226
10.84 30357.436855
10.86 30332.275795
10.88 30306.092029
10.9 30280.198961
10.92 30254.606844
10.94 30229.282377
10.96 30211.140453
10.98 30186.341996
11 30161.814497
11.02 30137.554165
11.04 30113.571225
11.06 30089.833642
11.08 30074.254001
11.1 30067.169701
11.12 30060.174211
11.14 30053.225196
11.16 30046.219366
11.18 30038.972988
11.2 30016.943507
11.22 30009.431187
11.24 29995.900839
11.26 29968.415922
11.28 29940.014062
11.3 29911.853048
11.32 29885.022739
11.34 29866.755639
11.36 29854.405949
11.38 29847.961399
11.4 29842.589046
11.42 29837.581556
11.44 29832.748613
11.46 29828.012383
11.48 29823.33528
11.5 29818.639592
11.52 29813.839257
11.54 29808.656257
11.56 29798.407174
11.58 29778.80625
11.6 29759.413038
11.62 29740.198876
11.64 29721.174596
11.66 29699.680001
11.68 29678.937037
11.7 29668.45895
11.72 29650.939703
11.74 29632.815378
11.76 29614.867087
11.78 29603.103817
11.8 29585.479177
11.82 29568.015795
11.84 29558.647655
11.86 29556.31807
11.88 29554.022847
11.9 29551.722771
11.92 29549.354503
11.94 29546.759614
11.96 29543.181552
11.98 29541.076066
12 29525.245689
12.02 29501.930456
12.04 29478.812145
12.06 29465.618017
12.08 29462.984096
12.1 29461.215297
12.12 29459.664598
12.14 29458.20035
12.16 29456.784434
12.18 29447.004618
12.2 29428.622722
12.22 29410.400197
12.24 29402.805641
12.26 29402.503675
12.28 29396.916719
12.3 29385.517406
12.32 29370.563559
12.34 29355.743297
12.36 29341.055089
12.38 29326.508954
12.4 29312.080329
12.42 29297.77892
12.44 29289.058432
12.46 29274.990485
12.48 29261.045903
12.5 29247.234719
12.52 29233.532389
12.54 29219.949295
12.56 29206.484096
12.58 29193.135472
12.6 29179.902117
12.62 29166.793907
12.64 29153.786959
12.66 29140.891481
12.68 29128.969022
12.7 29128.185992
12.72 29127.177416
12.74 29125.546345
12.76 29122.172288
12.78 29114.041913
12.8 29099.735624
12.82 29082.60182
12.84 29065.156473
12.86 29051.87098
12.88 29036.082034
12.9 29018.38937
12.92 29000.272819
12.94 28982.086433
12.96 28963.95292
12.98 28948.792591
13 28937.615151
13.02 28926.529421
13.04 28915.534334
13.06 28904.639632
13.08 28893.822682
13.1 28883.093527
13.12 28872.451243
13.14 28861.894917
13.16 28851.423649
13.18 28841.047019
13.2 28830.742954
13.22 28820.521316
13.24 28810.381246
13.26 28800.321892
13.28 28790.342403
13.3 28780.452148
13.32 28770.629363
13.34 28761.323253
13.36 28751.21891
13.38 28741.625841
13.4 28732.118727
13.42 28722.675582
13.44 28713.30609
13.46 28704.009483
13.48 28694.785012
13.5 28684.970085
13.52 28671.917251
13.54 28662.917535
13.56 28650.934162
13.58 28642.080619
13.6 28633.294922
13.62 28624.576352
13.64 28615.934081
13.66 28607.347547
13.68 28598.826171
13.7 28590.369311
13.72 28581.976334
13.74 28573.656472
13.76 28565.389159
13.78 28557.183876
13.8 28549.040017
13.82 28540.956987
