2.5 28792.387801
2.52 28782.898246
2.54 28777.623419
2.56 28774.739962
2.58 28770.535789
2.6 28761.509543
2.62 28752.558861
2.64 28743.663543
2.66 28734.832868
2.68 28726.066229
2.7 28717.36302
2.72 28708.722645
2.74 28700.154
2.76 28691.637322
2.78 28683.181732
2.8 28674.786662
2.82 28666.451547
2.84 28658.175832
2.86 28649.968263
2.88 28641.809497
2.9 28633.708501
2.92 28625.664742
2.94 28617.677694
2.96 28608.659178
2.98 28594.82134
3 28581.072063
3.02 28567.424154
3.04 28553.90543
3.06 28540.604504
3.08 28527.951481
3.1 28516.690818
3.12 28505.076366
3.14 28492.74028
3.16 28480.086496
3.18 28467.315747
3.2 28454.526787
3.22 28441.745512
3.24 28429.004291
3.26 28416.316492
3.28 28403.690236
3.3 28391.13966
3.32 28378.650214
3.34 28366.233583
3.36 28354.49952
3.38 28348.127307
3.4 28341.798473
3.42 28335.521032
3.44 28329.276782
3.46 28323.074344
3.48 28316.913352
3.5 28310.793443
3.52 28304.71426
3.54 28298.684099
3.56 28292.685132
3.58 28286.725843
3.6 28280.80589
3.62 28274.924934
3.64 28269.091311
3.66 28263.287175
3.68 28257.521045
3.7 28251.792596
3.72 28246.101508
3.74 28240.447462
3.76 28234.838657
3.78 28229.257586
3.8 28223.712625
3.82 28218.203465
3.84 28212.729771
3.86 28204.696553
3.88 28198.117422
3.9 28192.757178
3.92 28187.431241
3.94 28182.139316
3.96 28176.881117
3.98 28171.664741
4 28166.472993
4.02 28161.314139
4.04 28156.187909
4.06 28151.094034
4.08 28146.032245
4.1 28141.010513
4.12 28136.011953
4.14 28131.0447
4.16 28126.108497
4.18 28121.203092
4.2 28116.33648
4.22 28111.491762
4.24 28106.677097
4.26 28101.892244
4.28 28097.136958
4.3 28092.410998
4.32 28085.816739
4.34 28080.681839
4.36 28074.248386
4.38 28064.189853
4.4 28054.189056
4.42 28044.245901
4.44 28034.368247
4.46 28024.539945
4.48 28014.769051
4.5 28005.055558
4.52 27995.399519
4.54 27985.809032
4.56 27976.268271
4.58 27966.785739
4.6 27957.362014
4.62 27947.997934
4.64 27938.694711
4.66 27931.594925
4.68 27927.705418
4.7 27923.839138
4.72 27919.995859
4.74 27916.175396
4.76 27912.377571
4.78 27908.609931
4.8 27904.856718
4.82 27901.125624
4.84 27897.416478
4.86 27893.729111
4.88 27890.071091
4.9 27886.426643
4.92 27882.803479
4.94 27879.201436
4.96 27875.620353
4.98 27872.06007
5 27868.528038
5.02 27865.008742
5.04 27861.509774
5.06 27858.030968
5.08 27852.239327
5.1 27847.868756
5.12 27844.463556
5.14 27838.920578
5.16 27835.55142
5.18 27832.201614
5.2 27828.870883
5.22 27824.284447
5.24 27820.654231
5.26 27818.999058
5.28 27815.743389
5.3 27812.505981
5.32 27809.286828
5.34 27806.093189
5.36 27802.910035
5.38 27799.744748
5.4 27796.597198
5.42 27793.467254
5.44 27790.354788
5.46 27787.266942
5.48 27784.188924
5.5 27781.128006
5.52 27778.084062
5.54 27772.321698
5.56 27764.37715
5.58 27756.440867
5.6 27748.530763
5.62 27740.652172
5.64 27732.807991
5.66 27724.999882
5.68 27717.235877
5.7 27709.502351
5.72 27701.806843
5.74 27695.310506
5.76 27690.697647
5.78 27684.764367
5.8 27677.233686
5.82 27674.530342
5.84 27671.961463
5.86 27667.999442
5.88 27663.887431
5.9 27661.372627
5.92 27658.865445
5.94 27656.371789
5.96 27653.891513
5.98 27651.424511
6 27648.970685
6.02 27646.536912
6.04 27644.109044
6.06 27641.694075
6.08 27639.291917
6.1 27636.902479
6.12 27634.532656
6.14 27632.168282
6.16 27629.816367
6.18 27627.476825
6.2 27625.14957
6.22 27620.925204
6.24 27618.632765
6.26 27611.9473
6.28 27604.927478
6.3 27597.941175
6.32 27590.988381
8.2 39724.965745
8.22 38921.465456
8.24 38764.166231
8.26 38685.511408
8.28 38684.154611
8.3 38683.747833
8.32 38585.746236
8.34 38456.551614
8.36 38347.851322
8.38 38347.46513
8.4 38223.341554
8.42 38080.298136
8.44 37940.030419
8.46 37802.915011
8.48 37682.862107
8.5 37551.864913
8.52 37429.116718
8.54 37314.457068
8.56 37205.013746
8.58 37099.26301
8.6 36996.279299
8.62 36895.625099
8.64 36782.081408
8.66 36700.135463
8.68 36605.347935
8.7 36494.574149
8.72 36381.781976
8.74 36270.600314
8.76 36161.175122
8.78 36053.528819
8.8 35947.594788
8.82 35843.371852
8.84 35740.843583
8.86 35640.040938
8.88 35541.414641
8.9 35445.95414
8.92 35351.004878
8.94 35256.908962
8.96 35164.022577
8.98 35072.460173
9 34993.189746
9.02 34904.254365
9.04 34816.666319
9.06 34730.406179
9.08 34645.453127
9.1 34561.787451
9.12 34479.411152
9.14 34398.275477
9.16 34318.466583
9.18 34253.609752
9.2 34250.772955
9.22 34250.187249
9.24 34249.193737
9.26 34178.911555
9.28 34096.994194
9.3 34016.1164
9.32 33936.292475
9.34 33857.531771
9.36 33779.786476
9.38 33703.064647
9.4 33627.37141
9.42 33553.312972
9.44 33501.258561
9.46 33428.788322
9.48 33356.89073
9.5 33285.921224
9.52 33215.910326
9.54 33147.128768
9.56 33092.408307
9.58 33053.882138
9.6 33016.362107
9.62 32979.457819
9.64 32943.115974
9.66 32907.314858
9.68 32872.057492
9.7 32837.296191
9.72 32803.039136
9.74 32769.27674
9.76 32736.000224
9.78 32703.203043
9.8 32670.935251
9.82 32638.968299
9.84 32607.547111
9.86 32570.681983
9.88 32518.856963
9.9 32466.302419
9.92 32408.308207
9.94 32351.016755
9.96 32294.436917
9.98 32238.587384
10 32183.516643
10.02 32129.385654
10.04 32076.725182
10.06 32028.813546
10.08 31986.092986
10.1 31934.548464
10.12 31893.97627
10.14 31871.080595
10.16 31848.559077
10.18 31816.634626
10.2 31774.382794
10.22 31732.651505
10.24 31691.448898
10.26 31650.733875
10.28 31610.515507
10.3 31570.786121
10.32 31531.538186
10.34 31492.764302
10.36 31454.472922
10.38 31416.62489
10.4 31379.229506
10.42 31342.279875
10.44 31305.769222
10.46 31276.989258
10.48 31246.831635
10.5 31211.543932
10.52 31176.669676
10.54 31142.202668
10.56 31108.13682
10.58 31074.481418
10.6 31041.199529
10.62 31008.301215
10.64 30975.780823
10.66 30943.632811
10.68 30911.851734
10.7 30882.400985
10.72 30882.077207
10.74 30860.960304
10.76 30835.418034
10.78 30800.155018
10.8 30778.729466
10.82 30763.735266
10.84 30750.077829
10.86 30736.963558
10.88 30724.164872
10.9 30711.588552
10.92 30699.183836
10.94 30676.024537
10.96 30645.097219
10.98 30614.486642
11 30584.189287
11.02 30554.201158
11.04 30524.532369
11.06 30507.13785
11.08 30498.818771
11.1 30490.544486
11.12 30482.148576
11.14 30462.837099
11.16 30430.51948
11.18 30399.481784
11.2 30372.540948
11.22 30344.442251
11.24 30312.840497
11.26 30282.57846
11.28 30268.834284
11.3 30262.236557
11.32 30256.06803
11.34 30250.046133
11.36 30244.120039
11.38 30238.284225
11.4 30222.209941
11.42 30199.235743
11.44 30176.494008
11.46 30153.981714
11.48 30131.709144
11.5 30109.646454
11.52 30087.804433
11.54 30070.354753
11.56 30055.264163
11.58 30034.029971
11.6 30013.018498
11.62 29992.200901
11.64 29971.587842
11.66 29951.176733
11.68 29930.354431
11.7 29910.950223
11.72 29891.142498
11.74 29871.513732
11.76 29852.07459
11.78 29832.822698
11.8 29814.725854
11.82 29807.228518
11.84 29785.650635
11.86 29764.268461
11.88 29746.890661
11.9 29743.119937
11.92 29739.441225
11.94 29735.816872
11.96 29732.1785
11.98 29728.461875
12 29724.463487
12.02 29719.322641
12.04 29713.245788
12.06 29700.285617
12.08 29676.54599
12.1 29653.622378
12.12 29647.47442
12.14 29646.323975
12.16 29645.374351
12.18 29644.461661
12.2 29643.571812
12.22 29629.912596
12.24 29610.615466
12.26 29597.788403
12.28 29595.356129
12.3 29588.817702
12.32 29572.676827
12.34 29559.641044
12.36 29546.417674
12.38 29541.244686
12.4 29527.48731
12.42 29510.871281
12.44 29492.237609
12.46 29470.39671
12.48 29454.07875
12.5 29439.513044
12.52 29437.58984
12.54 29436.220358
12.56 29435.004154
12.58 29433.849498
12.6 29432.718354
12.62 29431.593271
12.64 29430.409225
12.66 29429.064471
12.68 29424.462862
12.7 29407.494911
12.72 29398.836284
12.74 29383.877335
12.76 29369.251233
12.78 29349.414297
12.8 29340.442373
12.82 29339.606
12.84 29339.130897
12.86 29338.731225
12.88 29338.363536
12.9 29335.400131
12.92 29321.981548
12.94 29312.083898
12.96 29298.885217
12.98 29290.306734
13 29277.913036
13.02 29265.00852
13.04 29252.208638
13.06 29239.522998
13.08 29226.928835
13.1 29214.436056
13.12 29202.043601
13.14 29189.750414
13.16 29175.576779
13.18 29160.478351
13.2 29148.490096
13.22 29136.599271
13.24 29124.801482
13.26 29113.096913
13.28 29101.484618
13.3 29089.973896
13.32 29078.543085
13.34 29067.201814
13.36 29060.810821
13.38 29049.63189
13.4 29038.550071
13.42 29027.543725
13.44 29016.622503
13.46 29005.785548
13.48 28995.032014
13.5 28984.361055
13.52 28973.781877
13.54 28963.273268
13.56 28952.844402
13.58 28942.471258
13.6 28929.830453
13.62 28917.357853
13.64 28907.255295
13.66 28897.228454
13.68 28887.277357
13.7 28877.401073
13.72 28867.598831
13.74 28857.87974
13.76 28845.184106
13.78 28835.607601
13.8 28821.008992
13.82 28805.910859
