2.5 28810.308998
2.52 28801.014788
2.54 28791.779074
2.56 28782.611201
2.58 28773.510521
2.6 28768.963411
2.62 28759.992892
2.64 28751.07783
2.66 28742.227507
2.68 28733.441311
2.7 28724.718638
2.72 28716.058891
2.74 28707.470965
2.76 28698.935095
2.78 28690.460404
2.8 28682.046321
2.82 28673.692282
2.84 28665.397731
2.86 28657.171412
2.88 28648.993983
2.9 28640.874408
2.92 28632.812152
2.94 28622.567507
2.96 28612.587166
2.98 28604.704417
3 28594.060574
3.02 28586.295032
3.04 28578.583664
3.06 28570.925975
3.08 28563.330619
3.1 28555.778642
3.12 28548.278906
3.14 28540.830944
3.16 28534.748941
3.18 28528.841566
3.2 28521.548297
3.22 28514.295786
3.24 28507.092789
3.26 28499.938875
3.28 28492.83361
3.3 28485.785544
3.32 28478.776103
3.34 28471.814034
3.36 28464.898921
3.38 28458.03035
3.4 28451.20791
3.42 28444.440007
3.44 28437.708418
3.46 28431.021698
3.48 28422.047636
3.5 28415.13538
3.52 28404.495035
3.54 28392.257249
3.56 28380.077403
3.58 28367.966642
3.6 28355.926829
3.62 28343.95967
3.64 28332.075639
3.66 28320.259775
3.68 28308.524584
3.7 28296.876433
3.72 28285.327473
3.74 28273.903819
3.76 28262.678493
3.78 28251.825936
3.8 28241.934392
3.82 28234.071563
3.84 28228.743748
3.86 28225.419308
3.88 28223.282853
3.9 28221.777682
3.92 28220.594737
3.94 28219.561794
3.96 28218.564269
3.98 28217.492087
4 28212.179867
4.02 28204.632234
4.04 28197.127423
4.06 28189.667687
4.08 28182.253032
4.1 28174.891438
4.12 28167.565971
4.14 28160.284694
4.16 28153.04727
4.18 28145.853361
4.2 28138.710876
4.22 28131.602825
4.24 28124.537248
4.26 28116.318886
4.28 28106.11349
4.3 28096.011948
4.32 28091.314811
4.34 28084.364854
4.36 28078.414556
4.38 28073.803295
4.4 28069.218138
4.42 28062.814055
4.44 28057.800475
4.46 28053.305783
4.48 28048.838376
4.5 28044.398026
4.52 28039.984518
4.54 28035.605623
4.56 28031.245017
4.58 28026.910625
4.6 28022.602242
4.62 28018.319662
4.64 28014.062684
4.66 28009.838959
4.68 28005.632444
4.7 28001.450939
4.72 27997.29425
4.74 27993.162184
4.76 27989.054551
4.78 27984.978884
4.8 27978.023261
4.82 27968.715613
4.84 27959.457406
4.86 27950.24858
4.88 27941.096773
4.9 27931.986372
4.92 27922.925177
4.94 27913.913178
4.96 27904.95042
4.98 27896.037041
5 27887.180881
5.02 27878.953273
5.04 27873.346604
5.06 27867.771058
5.08 27861.596438
5.1 27853.506723
5.12 27847.721968
5.14 27844.3217
5.16 27840.361783
5.18 27834.971188
5.2 27831.00881
5.22 27827.699971
5.24 27824.402622
5.26 27821.124572
5.28 27818.776382
5.3 27817.806882
5.32 27814.58804
5.34 27811.384049
5.36 27808.190263
5.38 27805.014301
5.4 27801.856081
5.42 27798.715492
5.44 27795.592409
5.46 27792.493981
5.48 27789.405414
5.5 27786.33397
5.52 27780.265299
5.54 27777.042319
5.56 27772.053894
5.58 27769.060017
5.6 27766.082632
5.62 27763.121617
5.64 27760.176856
5.66 27757.248233
5.68 27754.342802
5.7 27751.445985
5.72 27748.564961
5.74 27745.69962
5.76 27742.849847
5.78 27740.022718
5.8 27737.203634
5.82 27734.399791
5.84 27731.611082
5.86 27728.8374
5.88 27726.078639
5.9 27723.34177
5.92 27720.612419
5.94 27717.897677
5.96 27715.197442
5.98 27708.093202
6 27700.583634
6.02 27693.1174
6.04 27685.68079
6.06 27678.280799
6.08 27670.917432
6.1 27663.590678
6.12 27656.307337
6.14 27649.053639
6.16 27641.836521
6.18 27634.656005
6.2 27628.043137
6.22 27625.722564
6.24 27620.538481
6.26 27618.247467
6.28 27615.968415
6.3 27613.701236
6.32 27611.44585
8.22 39270.928258
8.24 38904.436807
8.26 38900.504087
8.28 38854.718871
8.3 38800.164556
8.32 38797.890857
8.34 38683.166628
8.36 38541.361534
8.38 38392.615632
8.4 38308.009148
8.42 38169.337624
8.44 38032.834301
8.46 37898.458548
8.48 37766.222043
8.5 37695.225328
8.52 37603.420815
8.54 37471.833273
8.56 37342.467602
8.58 37215.262089
8.6 37090.202159
8.62 36967.251808
8.64 36846.386739
8.66 36727.658201
8.68 36611.443759
8.7 36511.712562
8.72 36399.416297
8.74 36288.752485
8.76 36179.793458
8.78 36072.626108
8.8 35967.307781
8.82 35864.145964
8.84 35764.324738
8.86 35677.001156
8.88 35639.620242
8.9 35631.376994
8.92 35589.967217
8.94 35514.322051
8.96 35439.854156
8.98 35366.468113
9 35293.966839
9.02 35221.627891
9.04 35145.942676
9.06 35059.205284
9.08 34967.400283
9.1 34875.540429
9.12 34784.56834
9.14 34694.656354
9.16 34605.889735
9.18 34518.292146
9.2 34431.894134
9.22 34347.084856
9.24 34277.830843
9.26 34234.160969
9.28 34180.343501
9.3 34127.996906
9.32 34076.650781
9.34 34026.16766
9.36 33976.502103
9.38 33927.616837
9.4 33879.488
9.42 33832.09591
9.44 33785.423018
9.46 33727.684718
9.48 33659.22879
9.5 33591.660462
9.52 33524.966275
9.54 33459.132622
9.56 33394.164563
9.58 33330.010667
9.6 33266.677123
9.62 33204.150898
9.64 33142.419186
9.66 33081.469454
9.68 33021.307612
9.7 32961.904664
9.72 32922.70733
9.74 32885.41184
9.76 32840.315984
9.78 32784.94273
9.8 32730.320701
9.82 32676.4024
9.84 32628.966312
9.86 32576.540675
9.88 32524.97151
9.9 32473.427375
9.92 32422.916421
9.94 32371.401153
9.96 32318.209925
9.98 32269.649035
10 32221.709404
10.02 32174.397717
10.04 32127.669867
10.06 32081.533606
10.08 32035.979425
10.1 31990.997996
10.12 31946.580179
10.14 31908.154283
10.16 31864.813331
10.18 31826.348863
10.2 31787.958688
10.22 31746.167729
10.24 31704.905867
10.26 31664.132003
10.28 31623.85521
10.3 31584.067817
10.32 31544.762289
10.34 31505.931227
10.36 31467.583082
10.38 31429.678696
10.4 31392.227365
10.42 31355.222192
10.44 31318.6564
10.46 31285.087187
10.48 31268.896384
10.5 31252.941584
10.52 31237.198271
10.54 31221.640716
10.56 31206.203922
10.58 31189.752705
10.6 31156.035044
10.62 31115.687639
10.64 31074.719102
10.66 31034.039583
10.68 30993.757661
10.7 30953.931542
10.72 30914.60828
10.74 30882.397049
10.76 30882.171007
10.78 30882.14849
10.8 30882.150353
10.82 30868.487657
10.84 30835.564013
10.86 30802.984304
10.88 30779.725539
10.9 30768.947099
10.92 30758.304193
10.94 30747.761399
10.96 30737.302782
10.98 30726.811631
11 30708.304061
11.02 30674.289457
11.04 30643.62813
11.06 30614.493613
11.08 30580.314084
11.1 30546.005905
11.12 30512.124102
11.14 30480.68401
11.16 30467.755483
11.18 30459.588657
11.2 30451.773333
11.22 30439.930089
11.24 30414.720514
11.26 30389.786436
11.28 30365.096743
11.3 30340.662043
11.32 30316.478961
11.34 30296.870162
11.36 30273.164795
11.38 30249.714555
11.4 30232.502878
11.42 30209.997143
11.44 30187.216304
11.46 30164.665168
11.48 30142.354015
11.5 30120.252998
11.52 30098.372902
11.54 30076.710889
11.56 30067.477015
11.58 30057.631655
11.6 30049.467507
11.62 30024.56994
11.64 29996.732425
11.66 29968.987619
11.68 29941.961234
11.7 29925.061004
11.72 29918.121236
11.74 29895.532462
11.76 29886.187997
11.78 29881.182353
11.8 29876.359893
11.82 29871.648181
11.84 29866.976399
11.86 29862.308482
11.88 29857.564139
11.9 29852.534416
11.92 29846.38054
11.94 29834.730765
11.96 29813.547123
11.98 29793.991397
12 29776.510058
12.02 29751.905735
12.04 29728.805379
12.06 29719.341986
12.08 29714.989949
12.1 29711.439623
12.12 29708.863835
12.14 29707.322751
12.16 29701.273976
12.18 29684.966779
12.2 29667.941337
12.22 29651.069737
12.24 29638.105998
12.26 29621.524742
12.28 29605.103779
12.3 29593.529417
12.32 29589.59139
12.34 29584.261453
12.36 29569.339567
12.38 29557.854495
12.4 29542.812507
12.42 29541.846423
12.44 29541.71306
12.46 29541.646564
12.48 29541.598363
12.5 29541.567489
12.52 29541.524617
12.54 29541.474631
12.56 29529.229669
12.58 29511.407074
12.6 29493.733079
12.62 29489.945526
12.64 29482.64733
12.66 29465.026499
12.68 29445.59257
12.7 29431.174499
12.72 29415.708313
12.74 29405.969977
12.76 29404.266826
12.78 29403.725387
12.8 29403.43064
12.82 29390.189205
12.84 29376.329018
12.86 29366.023948
12.88 29352.371172
12.9 29338.831037
12.92 29330.588671
12.94 29317.254628
12.96 29312.914513
12.98 29312.719277
13 29312.310518
13.02 29307.966294
13.04 29295.088002
13.06 29279.584541
13.08 29260.331864
13.1 29241.107535
13.12 29222.014583
13.14 29203.08519
13.16 29184.360044
13.18 29165.97019
13.2 29153.466789
13.22 29141.5603
13.24 29133.686248
13.26 29131.859743
13.28 29130.769012
13.3 29129.963208
13.32 29117.520736
13.34 29103.454896
13.36 29089.493938
13.38 29075.637301
13.4 29064.434145
13.42 29064.030664
13.44 29063.541586
13.46 29062.813938
13.48 29061.362913
13.5 29056.370197
13.52 29041.440181
13.54 29024.657363
13.56 29007.784823
13.58 28990.955677
13.6 28974.208371
13.62 28957.561279
13.64 28941.035864
13.66 28924.621538
13.68 28908.337673
13.7 28892.19551
13.72 28876.210686
13.74 28862.489975
13.76 28852.389756
13.78 28838.638697
13.8 28829.125126
13.82 28819.682144
