2.5 28814.856863
2.52 28805.550364
2.54 28796.302421
2.56 28787.122379
2.58 28778.009589
2.6 28771.635164
2.62 28770.542022
2.64 28769.489961
2.66 28768.346487
2.68 28766.92773
2.7 28764.894275
2.72 28761.523878
2.74 28755.53002
2.76 28746.047483
2.78 28734.018799
2.8 28720.754035
2.82 28706.955092
2.84 28692.930334
2.86 28678.830262
2.88 28664.706903
2.9 28650.608246
2.92 28636.556988
2.94 28624.806706
2.96 28616.866778
2.98 28605.514409
3 28596.877203
3.02 28589.104488
3.04 28581.385988
3.06 28573.721201
3.08 28566.11878
3.1 28558.559773
3.12 28551.053045
3.14 28543.598144
3.16 28536.194959
3.18 28533.001856
3.2 28525.699047
3.22 28518.436167
3.24 28511.222814
3.26 28504.058581
3.28 28496.943038
3.3 28489.884739
3.32 28482.865107
3.34 28475.89289
3.36 28468.967669
3.38 28462.089024
3.4 28455.256532
3.42 28448.478561
3.44 28441.736667
3.46 28434.494743
3.48 28424.379219
3.5 28416.804471
3.52 28408.19213
3.54 28399.426941
3.56 28390.708563
3.58 28382.045586
3.6 28373.43758
3.62 28364.8841
3.64 28356.393373
3.66 28347.947444
3.68 28339.554722
3.7 28331.214773
3.72 28322.927167
3.74 28314.691479
3.76 28306.515802
3.78 28298.382523
3.8 28290.299915
3.82 28282.267573
3.84 28274.285094
3.86 28266.352085
3.88 28258.476521
3.9 28250.641147
3.92 28242.854154
3.94 28235.115304
3.96 28227.424795
3.98 28219.797697
4 28216.26451
4.02 28214.631326
4.04 28212.274674
4.06 28208.621384
4.08 28203.068281
4.1 28195.595219
4.12 28186.787567
4.14 28177.246761
4.16 28167.329619
4.18 28157.222388
4.2 28147.031124
4.22 28136.79373
4.24 28126.549969
4.26 28117.514142
4.28 28110.532531
4.3 28103.592309
4.32 28094.539152
4.34 28086.638595
4.36 28081.990276
4.38 28076.248619
4.4 28069.514311
4.42 28064.666093
4.44 28060.146599
4.46 28055.646647
4.48 28051.174022
4.5 28046.728484
4.52 28042.309816
4.54 28037.925783
4.56 28033.560063
4.58 28029.220578
4.6 28024.907123
4.62 28020.619492
4.64 28016.357485
4.66 28012.12875
4.68 28007.917245
4.7 28003.730771
4.72 27999.569132
4.74 27995.432136
4.76 27991.319591
4.78 27987.238958
4.8 27980.919412
4.82 27976.79768
4.84 27967.541499
4.86 27958.341022
4.88 27949.204778
4.9 27940.118254
4.92 27931.090725
4.94 27922.124201
4.96 27913.221518
4.98 27904.386735
5 27895.633267
5.02 27886.954786
5.04 27878.372579
5.06 27869.908584
5.08 27862.229117
5.1 27856.714266
5.12 27851.2388
5.14 27845.786443
5.16 27840.943605
5.18 27837.58142
5.2 27834.239467
5.22 27830.924133
5.24 27827.620097
5.26 27824.334899
5.28 27821.068737
5.3 27818.05322
5.32 27817.336303
5.34 27816.601164
5.36 27815.760088
5.38 27814.709596
5.4 27813.26602
5.42 27811.098854
5.44 27807.688487
5.46 27802.54009
5.48 27795.751584
5.5 27788.138718
5.52 27783.279551
5.54 27777.121455
5.56 27774.11395
5.58 27771.115938
5.6 27768.134434
5.62 27765.169316
5.64 27762.220468
5.66 27759.287771
5.68 27756.378283
5.7 27753.477422
5.72 27750.592371
5.74 27747.723015
5.76 27744.869243
5.78 27742.038129
5.8 27739.215075
5.82 27736.407276
5.84 27733.614625
5.86 27730.837015
5.88 27728.07434
5.9 27725.33357
5.92 27722.600331
5.94 27719.881715
5.96 27715.639102
5.98 27712.511613
6 27706.212256
6.02 27698.77227
6.04 27691.35585
6.06 27683.970909
6.08 27676.618085
6.1 27669.29785
6.12 27662.017496
6.14 27654.763253
6.16 27647.542356
6.18 27640.354915
6.2 27633.200997
6.22 27626.080686
6.24 27623.421128
6.26 27621.124692
6.28 27618.840233
6.3 27616.567665
6.32 27614.306909
8.22 39580.762117
8.24 38917.556257
8.26 38913.633188
8.28 38896.671913
8.3 38892.936475
8.32 38821.54729
8.34 38692.468092
8.36 38592.357513
8.38 38449.119849
8.4 38347.224677
8.42 38278.733135
8.44 38153.352462
8.46 38012.302177
8.48 37873.688057
8.5 37737.513432
8.52 37612.101016
8.54 37481.430834
8.56 37352.422206
8.58 37225.552682
8.6 37100.911805
8.62 36978.567832
8.64 36858.605919
8.66 36741.064534
8.68 36625.566597
8.7 36512.312377
8.72 36420.964174
8.74 36331.248492
8.76 36243.11691
8.78 36156.304147
8.8 36071.200936
8.82 35987.562598
8.84 35905.352232
8.86 35824.533835
8.88 35745.071563
8.9 35666.848516
8.92 35627.693099
8.94 35624.270302
8.96 35554.671985
8.98 35454.393721
9 35355.787844
9.02 35259.473615
9.04 35168.804724
9.06 35086.00495
9.08 34993.163609
9.1 34900.676736
9.12 34809.395173
9.14 34719.3308
9.16 34630.518095
9.18 34542.984149
9.2 34456.829664
9.22 34372.558244
9.24 34294.483238
9.26 34250.432726
9.28 34249.704717
9.3 34248.727879
9.32 34229.585389
9.34 34157.401771
9.36 34083.618839
9.38 34010.598861
9.4 33938.482684
9.42 33867.291385
9.44 33797.022352
9.46 33739.45284
9.48 33694.1679
9.5 33632.980707
9.52 33566.827594
9.54 33501.593274
9.56 33437.280375
9.58 33373.834955
9.6 33311.26113
9.62 33249.54381
9.64 33188.668216
9.66 33128.619877
9.68 33069.402608
9.7 33010.965789
9.72 32953.314585
9.74 32896.43567
9.76 32846.184348
9.78 32790.787993
9.8 32736.142859
9.82 32682.20262
9.84 32637.904502
9.86 32584.334623
9.88 32533.438908
9.9 32482.240808
9.92 32428.865477
9.94 32373.058212
9.96 32323.842059
9.98 32275.257482
10 32227.294199
10.02 32179.958907
10.04 32133.207508
10.06 32087.047766
10.08 32041.470179
10.1 31996.46543
10.12 31952.024384
10.14 31915.217993
10.16 31873.111741
10.18 31830.270598
10.2 31804.437953
10.22 31782.819266
10.24 31761.497607
10.26 31740.445759
10.28 31719.668708
10.3 31699.160137
10.32 31678.912264
10.34 31658.912542
10.36 31639.13415
10.38 31618.609604
10.4 31578.666445
10.42 31533.950902
10.44 31488.891649
10.46 31444.085265
10.48 31399.67229
10.5 31355.752802
10.52 31312.409262
10.54 31269.798412
10.56 31228.387587
10.58 31190.694653
10.6 31163.943286
10.62 31143.043578
10.64 31125.281869
10.66 31108.431198
10.68 31092.04175
10.7 31073.491479
10.72 31038.412145
10.74 31003.698801
10.76 30969.353042
10.78 30935.370119
10.8 30901.760054
10.82 30882.141508
10.84 30882.132924
10.86 30882.123077
10.88 30882.107549
10.9 30881.925404
10.92 30852.017795
10.94 30816.01484
10.96 30779.702389
10.98 30743.811469
11 30715.350708
11.02 30686.29159
11.04 30651.724633
11.06 30625.467907
11.08 30611.073728
11.1 30596.874965
11.12 30570.01802
11.14 30543.459105
11.16 30517.165926
11.18 30491.149166
11.2 30465.405106
11.22 30444.110084
11.24 30419.12613
11.26 30394.175908
11.28 30369.470181
11.3 30345.019557
11.32 30320.820658
11.34 30303.344711
11.36 30279.73472
11.38 30256.260073
11.4 30233.010709
11.42 30226.778855
11.44 30221.094711
11.46 30215.400387
11.48 30206.295175
11.5 30181.013259
11.52 30155.970258
11.54 30128.767702
11.56 30101.09558
11.58 30076.62968
11.6 30057.088129
11.62 30034.260531
11.64 30010.595373
11.66 29987.150169
11.68 29963.922445
11.7 29940.909698
11.72 29921.050008
11.74 29917.779481
11.76 29914.649957
11.78 29911.587676
11.8 29908.570892
11.82 29905.600961
11.84 29902.641729
11.86 29899.686587
11.88 29896.671478
11.9 29892.888523
11.92 29871.282598
11.94 29851.453342
11.96 29828.470622
11.98 29804.023103
12 29793.928983
12.02 29791.478563
12.04 29789.369876
12.06 29787.357706
12.08 29769.77397
12.1 29749.265498
12.12 29728.93591
12.14 29708.784604
12.16 29702.147883
12.18 29688.758985
12.2 29671.721337
12.22 29654.837606
12.24 29641.823706
12.26 29627.210222
12.28 29610.770675
12.3 29594.466124
12.32 29592.905083
12.34 29592.132835
12.36 29582.691474
12.38 29562.239549
12.4 29559.423624
12.42 29559.126741
12.44 29558.907284
12.46 29558.707585
12.48 29558.51565
12.5 29558.33785
12.52 29558.146563
12.54 29547.200162
12.56 29541.402244
12.58 29541.226415
12.6 29531.096924
12.62 29510.94712
12.64 29494.942514
12.66 29477.191684
12.68 29456.128059
12.7 29435.849608
12.72 29428.639422
12.74 29427.017139
12.76 29425.8131
12.78 29418.281556
12.8 29404.176608
12.82 29393.661096
12.84 29379.790582
12.86 29371.257594
12.88 29357.588959
12.9 29344.033052
12.92 29337.641749
12.94 29337.245026
12.96 29336.75058
12.98 29335.679098
13 29327.654188
13.02 29314.322392
13.04 29299.95023
13.06 29292.599882
13.08 29291.685038
13.1 29279.481882
13.12 29264.187114
13.14 29249.009543
13.16 29233.948109
13.18 29219.012153
13.2 29204.179354
13.22 29189.459332
13.24 29174.851
13.26 29160.353308
13.28 29145.965382
13.3 29131.702902
13.32 29129.258736
13.34 29128.521302
13.36 29127.628408
13.38 29126.326824
13.4 29123.948313
13.42 29118.484801
13.44 29107.372403
13.46 29092.365868
13.48 29076.112562
13.5 29060.684274
13.52 29048.542657
13.54 29033.262781
13.56 29016.824665
13.58 29000.111008
13.6 28983.355361
13.62 28966.639123
13.64 28950.007186
13.66 28933.457285
13.68 28917.009607
13.7 28900.671072
13.72 28884.447757
13.74 28868.356905
13.76 28852.821786
13.78 28843.22372
13.8 28833.697745
13.82 28824.242358
