2.5 28942.214111
2.52 28929.857305
2.54 28917.577849
2.56 28905.384812
2.58 28893.277186
2.6 28879.205555
2.62 28863.775621
2.64 28848.533477
2.66 28833.544703
2.68 28818.908807
2.7 28804.79016
2.72 28791.254685
2.74 28777.528548
2.76 28763.098226
2.78 28748.426033
2.8 28733.733165
2.82 28719.089878
2.84 28704.523052
2.86 28690.054813
2.88 28675.674164
2.9 28661.396862
2.92 28647.229589
2.94 28633.181234
2.96 28619.274751
2.98 28608.973311
3 28601.134912
3.02 28593.351295
3.04 28585.621937
3.06 28577.946344
3.08 28570.333165
3.1 28562.763451
3.12 28555.246064
3.14 28547.780545
3.16 28540.366493
3.18 28534.065382
3.2 28533.463584
3.22 28532.855921
3.24 28532.16116
3.26 28527.543048
3.28 28517.999659
3.3 28508.526336
3.32 28499.105528
3.34 28489.745992
3.36 28480.447243
3.38 28471.208787
3.4 28462.030135
3.42 28452.919646
3.44 28443.859235
3.46 28434.847731
3.48 28425.911054
3.5 28417.022014
3.52 28408.587958
3.54 28402.092144
3.56 28395.630658
3.58 28389.211814
3.6 28382.83524
3.62 28376.500571
3.64 28370.216118
3.66 28363.964012
3.68 28357.752747
3.7 28351.581977
3.72 28345.451356
3.74 28339.360545
3.76 28333.31772
3.78 28327.305351
3.8 28321.331793
3.82 28315.396719
3.84 28309.499808
3.86 28303.640737
3.88 28297.827554
3.9 28292.043056
3.92 28286.295461
3.94 28280.584463
3.96 28274.909757
3.98 28269.279422
4 28261.665939
4.02 28251.32266
4.04 28241.239874
4.06 28231.110196
4.08 28220.664516
4.1 28210.030826
4.12 28199.33083
4.14 28188.634995
4.16 28177.970205
4.18 28167.349068
4.2 28156.786255
4.22 28146.268665
4.24 28135.806671
4.26 28125.40143
4.28 28115.053616
4.3 28104.763814
4.32 28096.702359
4.34 28089.844393
4.36 28083.027729
4.38 28077.373261
4.4 28072.781713
4.42 28068.218673
4.44 28063.691441
4.46 28059.183659
4.48 28054.703213
4.5 28050.249882
4.52 28045.823448
4.54 28041.431681
4.56 28037.058258
4.58 28032.711101
4.6 28028.390004
4.62 28024.094763
4.64 28019.825175
4.66 28015.588891
4.68 28011.369867
4.7 28007.175904
4.72 28003.006806
4.74 27998.862379
4.76 27994.742427
4.78 27987.380463
4.8 27983.174667
4.82 27976.883899
4.84 27972.87191
4.86 27968.88351
4.88 27964.926175
4.9 27960.984117
4.92 27957.065034
4.94 27953.168752
4.96 27949.295097
4.98 27945.443898
5 27941.622594
5.02 27937.815662
5.04 27934.03068
5.06 27930.267486
5.08 27926.525913
5.1 27922.8058
5.12 27919.114475
5.14 27915.436668
5.16 27911.779844
5.18 27908.143847
5.2 27904.528522
5.22 27900.941216
5.24 27897.366642
5.26 27889.716963
5.28 27881.098658
5.3 27872.528624
5.32 27864.008001
5.34 27855.546055
5.36 27847.13153
5.38 27838.778428
5.4 27830.500128
5.42 27822.326903
5.44 27814.333895
5.46 27806.686155
5.48 27799.396923
5.5 27792.113126
5.52 27784.650929
5.54 27780.24208
5.56 27777.228593
5.58 27774.224355
5.6 27771.236647
5.62 27768.265349
5.64 27765.310342
5.66 27762.37151
5.68 27759.455909
5.7 27756.548958
5.72 27753.657838
5.74 27750.782436
5.76 27747.92264
5.78 27745.085524
5.8 27742.256489
5.82 27739.442731
5.84 27736.644142
5.86 27733.860616
5.88 27731.092045
5.9 27728.345399
5.92 27725.606305
5.94 27722.88185
5.96 27717.177618
5.98 27713.68861
6 27709.840089
6.02 27707.189741
6.04 27704.546412
6.06 27701.917091
6.08 27699.301671
6.1 27696.246849
6.12 27691.782515
6.14 27687.333689
6.16 27682.907427
6.18 27678.503595
6.2 27674.122051
6.22 27669.762651
6.24 27665.432131
6.26 27661.116474
6.28 27656.82253
6.3 27652.550157
6.32 27648.299213
8.24 38996.281415
8.26 38990.262205
8.28 38909.834018
8.3 38906.137595
8.32 38845.215835
8.34 38738.033516
8.36 38645.86067
8.38 38521.061077
8.4 38398.72679
8.42 38296.836352
8.44 38160.976213
8.46 38022.208588
8.48 37883.843832
8.5 37748.656249
8.52 37624.830527
8.54 37495.31378
8.56 37366.999467
8.58 37241.047973
8.6 37118.053899
8.62 36999.658476
8.64 36892.881141
8.66 36826.172825
8.68 36804.678068
8.7 36796.075183
8.72 36718.075802
8.74 36627.875464
8.76 36539.102096
8.78 36451.562877
8.8 36365.107691
8.82 36278.804962
8.84 36186.330222
8.86 36079.054132
8.88 35971.361096
8.9 35865.02767
8.92 35760.15514
8.94 35656.915916
8.96 35576.020405
8.98 35476.212467
9 35377.158762
9.02 35279.391589
9.04 35183.133505
9.06 35093.823066
9.08 35023.331457
9.1 34956.19322
9.12 34890.616411
9.14 34826.250526
9.16 34762.992016
9.18 34700.77969
9.2 34639.573507
9.22 34579.329581
9.24 34520.056796
9.26 34461.704867
9.28 34387.222828
9.3 34310.697558
9.32 34252.642379
9.34 34197.285845
9.36 34123.17537
9.38 34050.114619
9.4 33978.093343
9.42 33907.094164
9.44 33837.099183
9.46 33768.109307
9.48 33700.069025
9.5 33639.114902
9.52 33572.945856
9.54 33507.694343
9.56 33443.363184
9.58 33379.898652
9.6 33317.304971
9.62 33255.567159
9.64 33194.670528
9.66 33134.600685
9.68 33075.361502
9.7 33016.902436
9.72 32959.228697
9.74 32902.327005
9.76 32848.437025
9.78 32799.856063
9.8 32745.167812
9.82 32691.184352
9.84 32644.107386
9.86 32585.329306
9.88 32544.763289
9.9 32486.969027
9.92 32431.688494
9.94 32381.789207
9.96 32332.532268
9.98 32283.907195
10 32235.903707
10.02 32188.528503
10.04 32141.737485
10.06 32095.538416
10.08 32049.921796
10.1 32004.878306
10.12 31960.398812
10.14 31916.490556
10.16 31889.91753
10.18 31865.021459
10.2 31840.48624
10.22 31816.284762
10.24 31792.405281
10.26 31768.80715
10.28 31745.469779
10.3 31722.345224
10.32 31699.33311
10.34 31676.15656
10.36 31651.719393
10.38 31621.568725
10.4 31598.617785
10.42 31553.987049
10.44 31508.212082
10.46 31462.857744
10.48 31417.954603
10.5 31373.53457
10.52 31329.608041
10.54 31286.19771
10.56 31243.391765
10.58 31201.982053
10.6 31177.225709
10.62 31162.108954
10.64 31147.478789
10.66 31133.087248
10.68 31108.950278
10.7 31075.975816
10.72 31060.137946
10.74 31044.511858
10.76 31029.057002
10.78 31013.732716
10.8 30998.472404
10.82 30983.129016
10.84 30967.273541
10.86 30942.766307
10.88 30912.17814
10.9 30882.050422
10.92 30852.525314
10.94 30822.421433
10.96 30793.146661
10.98 30759.603034
11 30724.861808
11.02 30707.20765
11.04 30679.18933
11.06 30651.456619
11.08 30624.019841
11.1 30598.95715
11.12 30574.522889
11.14 30547.947141
11.16 30521.637247
11.18 30495.603888
11.2 30469.843346
11.22 30444.351962
11.24 30425.846117
11.26 30400.870444
11.28 30376.139444
11.3 30351.663725
11.32 30327.439906
11.34 30303.464662
11.36 30294.914569
11.38 30286.501886
11.4 30277.977432
11.42 30269.028693
11.44 30257.567482
11.46 30231.807245
11.48 30209.351198
11.5 30186.17823
11.52 30157.347398
11.54 30131.16419
11.56 30106.59181
11.58 30082.250948
11.6 30058.153298
11.62 30049.828938
11.64 30045.335222
11.66 30040.875883
11.68 30035.609293
11.7 30029.78814
11.72 30023.933707
11.74 30018.072443
11.76 30012.168856
11.78 30006.088324
11.8 29999.380594
11.82 29989.880589
11.84 29971.376634
11.86 29946.828397
11.88 29921.217773
11.9 29896.114719
11.92 29880.332404
11.94 29856.436659
11.96 29845.184876
11.98 29839.623668
12 29834.945446
12.02 29826.905308
12.04 29808.582063
12.06 29790.431214
12.08 29772.452912
12.1 29754.630751
12.12 29736.971823
12.14 29719.474176
12.16 29705.935001
12.18 29694.519924
12.2 29677.463242
12.22 29660.56059
12.24 29643.810174
12.26 29640.946063
12.28 29640.037949
12.3 29638.705649
12.32 29619.650822
12.34 29599.775961
12.36 29590.648703
12.38 29586.72066
12.4 29584.00301
12.42 29581.605385
12.44 29579.333677
12.46 29577.12036
12.48 29574.927278
12.5 29572.725936
12.52 29565.319128
12.54 29557.945188
12.56 29557.697086
12.58 29550.919971
12.6 29539.667669
12.62 29520.757736
12.64 29499.804772
12.66 29491.265031
12.68 29488.989858
12.7 29475.8913
12.72 29461.314626
12.74 29446.849256
12.76 29432.505339
12.78 29421.77427
12.8 29407.658886
12.82 29398.926725
12.84 29385.040177
12.86 29374.771517
12.88 29374.117075
12.9 29373.430212
12.92 29372.635451
12.94 29371.379082
12.96 29365.701069
12.98 29349.378327
13 29337.393448
13.02 29319.406913
13.04 29313.207089
13.06 29310.428554
13.08 29294.896674
13.1 29291.299513
13.12 29291.05489
13.14 29290.859022
13.16 29290.670085
13.18 29290.462618
13.2 29290.152693
13.22 29289.557583
13.24 29287.557736
13.26 29277.182145
13.28 29260.445034
13.3 29242.361961
13.32 29224.176225
13.34 29206.11259
13.36 29188.3104
13.38 29170.989078
13.4 29154.685918
13.42 29140.120247
13.44 29124.274985
13.46 29107.305947
13.48 29090.826579
13.5 29076.695926
13.52 29069.219374
13.54 29066.80818
13.56 29065.803437
13.58 29065.214001
13.6 29064.776481
13.62 29064.387454
13.64 29056.155525
13.66 29045.38678
13.68 29034.698837
13.7 29024.090909
13.72 29013.562216
13.74 29003.121829
13.76 28992.567292
13.78 28979.844843
13.8 28967.211925
13.82 28954.668604
