2.5 28955.059434
2.52 28942.451108
2.54 28932.113039
2.56 28919.071238
2.58 28903.139398
2.6 28887.316027
2.62 28871.617053
2.64 28857.471563
2.66 28845.698963
2.68 28834.008288
2.7 28822.39878
2.72 28810.869741
2.74 28799.430031
2.76 28788.060203
2.78 28776.782918
2.8 28773.525191
2.82 28772.083246
2.84 28770.931258
2.86 28769.885792
2.88 28768.79614
2.9 28765.322606
2.92 28756.669532
2.94 28748.077261
2.96 28739.554557
2.98 28731.082033
3 28722.668667
3.02 28714.313922
3.04 28706.017267
3.06 28697.778176
3.08 28686.166447
3.1 28672.393711
3.12 28658.629294
3.14 28644.900449
3.16 28631.223923
3.18 28617.610817
3.2 28604.078276
3.22 28590.615402
3.24 28577.239748
3.26 28563.965222
3.28 28550.824572
3.3 28537.938868
3.32 28525.824393
3.34 28514.920087
3.36 28503.439517
3.38 28491.341988
3.4 28478.980344
3.42 28466.531011
3.44 28454.053153
3.46 28441.59387
3.48 28429.174281
3.5 28421.782009
3.52 28415.218019
3.54 28408.706214
3.56 28402.228682
3.58 28395.793868
3.6 28389.401398
3.62 28383.050907
3.64 28376.750703
3.66 28370.482916
3.68 28364.25604
3.7 28358.069726
3.72 28351.92363
3.74 28345.81741
3.76 28339.759243
3.78 28333.731598
3.8 28327.74283
3.82 28321.792612
3.84 28315.880621
3.86 28310.006535
3.88 28304.178399
3.9 28298.379011
3.92 28292.616589
3.94 28286.890822
3.96 28281.201384
3.98 28272.294071
4 28266.170172
4.02 28258.108468
4.04 28252.575797
4.06 28247.077949
4.08 28241.614638
4.1 28236.193812
4.12 28230.798567
4.14 28225.437021
4.16 28221.112064
4.18 28217.256923
4.2 28211.997513
4.22 28206.762337
4.24 28201.559539
4.26 28196.388856
4.28 28191.250029
4.3 28186.142802
4.32 28181.075027
4.34 28176.030089
4.36 28171.016
4.38 28166.032513
4.4 28161.079383
4.42 28156.156369
4.44 28151.271196
4.46 28144.040495
4.48 28139.211524
4.5 28132.336831
4.52 28122.202057
4.54 28112.130092
4.56 28102.105098
4.58 28092.135314
4.6 28082.220751
4.62 28072.361359
4.64 28062.557054
4.66 28052.815574
4.68 28043.120978
4.7 28033.481154
4.72 28023.896018
4.74 28014.365513
4.76 28004.889628
4.78 27995.476115
4.8 27986.583166
4.82 27982.535108
4.84 27978.511074
4.86 27974.510604
4.88 27970.541248
4.9 27966.587217
4.92 27962.656209
4.94 27958.748049
4.96 27954.862563
4.98 27950.999578
5 27947.166535
5.02 27943.347909
5.04 27939.551279
5.06 27935.776482
5.08 27932.02335
5.1 27928.291723
5.12 27924.588927
5.14 27920.899693
5.16 27917.231485
5.18 27913.584145
5.2 27909.957515
5.22 27906.358921
5.24 27899.51944
5.26 27895.960558
5.28 27890.278011
5.3 27886.763628
5.32 27883.269026
5.34 27879.801435
5.36 27876.345811
5.38 27872.909496
5.4 27868.295248
5.42 27862.922984
5.44 27857.579565
5.46 27852.272106
5.48 27846.985754
5.5 27841.727723
5.52 27836.497838
5.54 27831.295954
5.56 27826.129327
5.58 27820.984135
5.6 27816.980813
5.62 27816.195761
5.64 27815.267915
5.66 27814.055073
5.68 27812.318463
5.7 27809.637781
5.72 27805.482824
5.74 27799.594051
5.76 27792.480881
5.78 27784.896102
5.8 27777.162493
5.82 27769.394688
5.84 27761.630736
5.86 27753.886515
5.88 27746.964698
5.9 27742.239957
5.92 27736.275094
5.94 27728.722663
5.96 27721.192815
5.98 27717.476444
6 27714.795262
6.02 27712.135182
6.04 27709.480091
6.06 27705.259098
6.08 27701.260148
6.1 27698.653961
6.12 27696.069229
6.14 27693.4911
6.16 27690.926536
6.18 27688.375433
6.2 27685.837694
6.22 27683.313226
6.24 27680.808818
6.26 27678.310508
6.28 27675.825197
6.3 27673.352797
6.32 27670.893221
8.24 39438.87107
8.26 39299.691088
8.28 39163.158496
8.3 39029.21134
8.32 38902.559941
8.34 38795.80993
8.36 38742.960596
8.38 38600.686622
8.4 38452.784598
8.42 38318.561047
8.44 38177.109197
8.46 38045.401838
8.48 37931.946816
8.5 37820.556594
8.52 37711.181335
8.54 37702.172393
8.56 37701.368509
8.58 37700.754909
8.6 37633.326851
8.62 37503.798798
8.64 37375.837654
8.66 37249.567013
8.68 37124.99174
8.7 37002.149433
8.72 36881.051993
8.74 36780.226624
8.76 36671.908018
8.78 36556.14988
8.8 36442.318164
8.82 36331.093135
8.84 36224.875987
8.86 36130.198524
8.88 36045.887256
8.9 35965.685132
8.92 35887.62815
8.94 35811.185287
8.96 35736.156613
8.98 35662.442627
9 35590.001491
9.02 35518.746109
9.04 35448.661985
9.06 35357.888686
9.08 35266.751572
9.1 35176.942614
9.12 35088.485767
9.14 35001.324122
9.16 34915.457967
9.18 34830.864976
9.2 34747.522453
9.22 34665.428143
9.24 34584.518395
9.26 34504.792641
9.28 34426.22988
9.3 34348.811227
9.32 34279.287134
9.34 34213.209716
9.36 34139.321586
9.38 34066.261494
9.4 33994.206142
9.42 33923.160253
9.44 33853.112072
9.46 33784.06528
9.48 33715.965496
9.5 33649.55446
9.52 33605.59504
9.54 33562.267815
9.56 33519.543993
9.58 33477.296801
9.6 33428.877704
9.62 33359.238378
9.64 33290.264442
9.66 33222.142866
9.68 33154.892718
9.7 33088.475962
9.72 33022.914276
9.74 32958.23342
9.76 32894.545202
9.78 32832.565232
9.8 32780.653759
9.82 32728.073618
9.84 32673.173151
9.86 32664.971642
9.88 32640.846941
9.9 32607.597089
9.92 32574.807645
9.94 32542.474923
9.96 32510.583822
9.98 32479.120736
10 32448.071697
10.02 32417.436034
10.04 32387.157877
10.06 32357.217506
10.08 32327.537341
10.1 32297.893376
10.12 32267.233272
10.14 32228.758587
10.16 32178.770509
10.18 32135.103783
10.2 32088.396356
10.22 32042.072956
10.24 31991.724489
10.26 31940.972346
10.28 31890.787493
10.3 31841.167771
10.32 31792.114779
10.34 31743.644033
10.36 31695.853562
10.38 31649.68553
10.4 31618.180492
10.42 31595.227815
10.44 31565.961982
10.46 31544.38716
10.48 31525.979835
10.5 31507.657641
10.52 31489.209215
10.54 31470.386988
10.56 31445.254347
10.58 31409.026237
10.6 31373.199252
10.62 31337.78309
10.64 31302.771732
10.66 31268.159261
10.68 31233.939861
10.7 31200.122594
10.72 31166.671761
10.74 31133.59715
10.76 31100.893335
10.78 31068.554987
10.8 31037.374543
10.82 31009.740347
10.84 30978.448159
10.86 30949.148289
10.88 30922.973227
10.9 30888.792229
10.92 30863.850976
10.94 30832.996741
10.96 30797.790571
10.98 30768.81511
11 30740.152521
11.02 30711.798491
11.04 30690.747542
11.06 30662.970158
11.08 30635.48903
11.1 30608.300122
11.12 30587.546729
11.14 30576.488245
11.16 30565.645813
11.18 30554.962278
11.2 30544.394485
11.22 30533.896831
11.24 30523.395692
11.26 30501.058823
11.28 30472.937737
11.3 30445.090703
11.32 30417.514831
11.34 30400.018274
11.36 30392.653592
11.38 30373.077687
11.4 30342.391296
11.42 30312.328906
11.44 30284.128353
11.46 30260.489416
11.48 30232.24643
11.5 30207.636689
11.52 30200.148517
11.54 30194.572203
11.56 30189.225198
11.58 30183.983998
11.6 30178.830391
11.62 30173.725897
11.64 30168.673847
11.66 30163.661696
11.68 30158.66086
11.7 30144.798448
11.72 30123.483179
11.74 30102.360714
11.76 30081.441431
11.78 30059.521497
11.8 30033.191947
11.82 30010.553819
11.84 29997.047461
11.86 29979.817845
11.88 29960.065764
11.9 29940.500031
11.92 29921.118382
11.94 29901.930844
11.96 29886.271224
11.98 29867.984638
12 29849.303704
12.02 29830.794864
12.04 29812.465152
12.06 29794.307775
12.08 29782.165158
12.1 29764.310793
12.12 29746.619846
12.14 29729.090377
12.16 29711.73246
12.18 29704.568181
12.2 29703.211648
12.22 29701.839386
12.24 29700.352393
12.26 29695.497672
12.28 29677.45579
12.3 29654.65926
12.32 29639.610455
12.34 29638.1453
12.36 29637.239909
12.38 29636.422503
12.4 29635.621564
12.42 29634.835469
12.44 29634.056851
12.46 29620.578157
12.48 29602.001683
12.5 29589.186208
12.52 29588.725367
12.54 29588.163563
12.56 29579.658705
12.58 29564.911348
12.6 29550.708914
12.62 29539.076196
12.64 29523.972584
12.66 29508.997339
12.68 29494.149051
12.7 29484.790099
12.72 29470.186172
12.74 29455.693702
12.76 29441.322833
12.78 29427.072247
12.8 29423.702429
12.82 29422.689344
12.84 29421.67719
12.86 29420.599182
12.88 29419.33666
12.9 29417.173049
12.92 29408.090561
12.94 29395.664147
12.96 29379.11929
12.98 29372.880998
13 29357.746943
13.02 29341.848155
13.04 29336.604819
13.06 29336.216204
13.08 29335.871523
13.1 29335.547438
13.12 29335.226998
13.14 29334.893489
13.16 29334.513585
13.18 29328.042499
13.2 29315.175767
13.22 29305.720759
13.24 29293.047144
13.26 29280.473295
13.28 29267.998139
13.3 29253.063992
13.32 29240.086907
13.34 29227.911006
13.36 29215.829867
13.38 29203.842534
13.4 29191.95833
13.42 29180.155543
13.44 29168.44377
13.46 29156.8221
13.48 29145.289635
13.5 29133.845487
13.52 29125.672377
13.54 29114.39326
13.56 29103.199906
13.58 29092.091468
13.6 29081.067111
13.62 29070.126007
13.64 29063.985553
13.66 29053.212832
13.68 29042.502367
13.7 29031.276273
13.72 29018.281774
13.74 29006.204487
13.76 28995.821368
13.78 28985.517054
13.8 28975.289184
13.82 28965.136898
