2.5 28958.561067
2.52 28945.065872
2.54 28935.098512
2.56 28922.263606
2.58 28912.486116
2.6 28902.779905
2.62 28893.153976
2.64 28883.588085
2.66 28874.091472
2.68 28864.663486
2.7 28855.303481
2.72 28846.010822
2.74 28836.794361
2.76 28827.634299
2.78 28818.539717
2.8 28809.510006
2.82 28800.544566
2.84 28791.642801
2.86 28782.813421
2.88 28774.037047
2.9 28767.511991
2.92 28759.545804
2.94 28750.946173
2.96 28742.416142
2.98 28733.936322
3 28725.515693
3.02 28717.153717
3.04 28708.849859
3.06 28699.890659
3.08 28689.605267
3.1 28681.47955
3.12 28669.273399
3.14 28655.401395
3.16 28641.63669
3.18 28627.988693
3.2 28614.481213
3.22 28601.122056
3.24 28587.969469
3.26 28575.127453
3.28 28562.846279
3.3 28551.803539
3.32 28543.491685
3.34 28538.910913
3.36 28536.686746
3.38 28535.443738
3.4 28534.606647
3.42 28533.949818
3.44 28533.350935
3.46 28532.734859
3.48 28532.012941
3.5 28530.115301
3.52 28523.067057
3.54 28516.073955
3.56 28509.118166
3.58 28502.208127
3.6 28495.343436
3.62 28483.707321
3.64 28471.326246
3.66 28458.983763
3.68 28446.702959
3.7 28434.490285
3.72 28422.349192
3.74 28410.281849
3.76 28398.298311
3.78 28386.383027
3.8 28374.54617
3.82 28362.789619
3.84 28351.115796
3.86 28339.527969
3.88 28328.038817
3.9 28316.638373
3.92 28305.344456
3.94 28294.171295
3.96 28283.140712
3.98 28275.556408
4 28266.673131
4.02 28260.59685
4.04 28255.058415
4.06 28249.554835
4.08 28244.085816
4.1 28238.659307
4.12 28233.258403
4.14 28227.891221
4.16 28222.557485
4.18 28220.029253
4.2 28215.680127
4.22 28210.436575
4.24 28205.225435
4.26 28200.046445
4.28 28194.899346
4.3 28189.78388
4.32 28184.707901
4.34 28179.654791
4.36 28174.632564
4.38 28169.64097
4.4 28164.679765
4.42 28159.748704
4.44 28153.306701
4.46 28146.407549
4.48 28141.573202
4.5 28134.411716
4.52 28129.640825
4.54 28124.906616
4.56 28120.192746
4.58 28115.507073
4.6 28109.380999
4.62 28102.665062
4.64 28095.987724
4.66 28089.356586
4.68 28082.755527
4.7 28076.192265
4.72 28069.66652
4.74 28063.178013
4.76 28056.726469
4.78 28050.319336
4.8 28043.94076
4.82 28037.598334
4.84 28031.291793
4.86 28025.020871
4.88 28018.793044
4.9 28012.592441
4.92 28006.426681
4.94 28000.29551
4.96 27994.198675
4.98 27988.135925
5 27982.114623
5.02 27976.119167
5.04 27970.157059
5.06 27964.228059
5.08 27958.331926
5.1 27952.468423
5.12 27946.644802
5.14 27940.845708
5.16 27933.509296
5.18 27924.655484
5.2 27915.848562
5.22 27907.096037
5.24 27902.773123
5.26 27897.960044
5.28 27892.421951
5.3 27888.903108
5.32 27885.404061
5.34 27881.931989
5.36 27878.471324
5.38 27873.696506
5.4 27869.492502
5.42 27866.094462
5.44 27862.715357
5.46 27859.362307
5.48 27856.020508
5.5 27852.697221
5.52 27849.392311
5.54 27846.105646
5.56 27842.844376
5.58 27839.593681
5.6 27836.360841
5.62 27833.145725
5.64 27829.948207
5.66 27826.768161
5.68 27823.612632
5.7 27818.214126
5.72 27810.543217
5.74 27803.252802
5.76 27796.166946
5.78 27788.97256
5.8 27781.606324
5.82 27774.127009
5.84 27766.583244
5.86 27759.007833
5.88 27751.421862
5.9 27743.846017
5.92 27737.532663
5.94 27732.849537
5.96 27728.190615
5.98 27723.555709
6 27718.944677
6.02 27714.364413
6.04 27709.802681
6.06 27706.844426
6.08 27704.219277
6.1 27701.60818
6.12 27699.017865
6.14 27696.434128
6.16 27693.863966
6.18 27691.307281
6.2 27688.763979
6.22 27686.233967
6.24 27683.724035
6.26 27681.220218
6.28 27678.729421
6.3 27676.251555
6.32 27673.786531
8.28 39764.777199
8.3 39620.705982
8.32 38903.908718
8.34 38885.767662
8.36 38752.105119
8.38 38614.124235
8.4 38467.01819
8.42 38351.003915
8.44 38348.459433
8.46 38348.116468
8.48 38347.872716
8.5 38289.426715
8.52 38159.8224
8.54 38028.399207
8.56 37896.191955
8.58 37764.280695
8.6 37667.028557
8.62 37536.361383
8.64 37407.293343
8.66 37280.129968
8.68 37154.869548
8.7 37031.509396
8.72 36910.100848
8.74 36793.643141
8.76 36773.402123
8.78 36712.042959
8.8 36602.895068
8.82 36494.676204
8.84 36387.953027
8.86 36282.763714
8.88 36179.099487
8.9 36076.966255
8.92 35976.309715
8.94 35877.157844
8.96 35779.580622
8.98 35684.134129
9 35607.34474
9.02 35540.9999
9.04 35450.209786
9.06 35362.624669
9.08 35272.031458
9.1 35182.546717
9.12 35094.298389
9.14 35007.279218
9.16 34921.514449
9.18 34836.995713
9.2 34753.70849
9.22 34671.657059
9.24 34590.781857
9.26 34511.087005
9.28 34432.559268
9.3 34355.20444
9.32 34289.383316
9.34 34237.165185
9.36 34183.170062
9.38 34129.991562
9.4 34077.613185
9.42 34026.018405
9.44 33975.189338
9.46 33925.049257
9.48 33867.485708
9.5 33792.151218
9.52 33717.704557
9.54 33644.197966
9.56 33571.643707
9.58 33500.020838
9.6 33435.434304
9.62 33379.965876
9.64 33311.761856
9.66 33243.753452
9.68 33176.501112
9.7 33110.027825
9.72 33044.362355
9.74 32979.5059
9.76 32915.463439
9.78 32852.266371
9.8 32790.237126
9.82 32744.233272
9.84 32708.978575
9.86 32674.620918
9.88 32664.332512
9.9 32664.074261
9.92 32663.862557
9.94 32663.644884
9.96 32663.28172
9.98 32635.260152
10 32582.580554
10.02 32530.516345
10.04 32479.046875
10.06 32428.183114
10.08 32377.916737
10.1 32328.239227
10.12 32279.142386
10.14 32230.633994
10.16 32182.666957
10.18 32135.285093
10.2 32094.914601
10.22 32043.030447
10.24 31996.29863
10.26 31951.029505
10.28 31906.276168
10.3 31862.031139
10.32 31818.287085
10.34 31775.036814
10.36 31732.288989
10.38 31690.004676
10.4 31648.193453
10.42 31606.849347
10.44 31573.668781
10.46 31552.743359
10.48 31532.282674
10.5 31512.295046
10.52 31492.943308
10.54 31474.441142
10.56 31450.281428
10.58 31414.032939
10.6 31378.185704
10.62 31342.74942
10.64 31307.718068
10.66 31273.085732
10.68 31238.846595
10.7 31205.00972
10.72 31171.539407
10.74 31138.445444
10.76 31105.722407
10.78 31073.364964
10.8 31041.382716
10.82 31017.039826
10.84 30985.717962
10.86 30954.741537
10.88 30924.105677
10.9 30893.805599
10.92 30870.222403
10.94 30834.207954
10.96 30804.88685
10.98 30775.883214
11 30747.192656
11.02 30718.810861
11.04 30697.709087
11.06 30687.823707
11.08 30678.116097
11.1 30668.544434
11.12 30659.093545
11.14 30649.766556
11.16 30640.531543
11.18 30616.347646
11.2 30587.093002
11.22 30558.127208
11.24 30529.447971
11.26 30512.74053
11.28 30501.416061
11.3 30487.297203
11.32 30464.55186
11.34 30435.155028
11.36 30404.322846
11.38 30383.20622
11.4 30355.694163
11.42 30324.741051
11.44 30294.058788
11.46 30266.291053
11.48 30252.684914
11.5 30243.588527
11.52 30235.432888
11.54 30227.647731
11.56 30220.062791
11.58 30212.604029
11.6 30205.232116
11.62 30197.883091
11.64 30190.488349
11.66 30182.864066
11.68 30166.334585
11.7 30148.905688
11.72 30127.576323
11.74 30106.439849
11.76 30085.506635
11.78 30060.722813
11.8 30040.20238
11.82 30018.847075
11.84 29999.758574
11.86 29983.814739
11.88 29964.049232
11.9 29944.470149
11.92 29925.07522
11.94 29905.874466
11.96 29886.840805
11.98 29873.937631
12 29853.626685
12.02 29832.389265
12.04 29818.359828
12.06 29800.18492
12.08 29785.376612
12.1 29783.422529
12.12 29781.486791
12.14 29779.557579
12.16 29777.618065
12.18 29775.494342
12.2 29762.06954
12.22 29738.925231
12.24 29716.128136
12.26 29698.315644
12.28 29687.686589
12.3 29683.019164
12.32 29679.584286
12.34 29676.478838
12.36 29673.510565
12.38 29670.62046
12.4 29667.744379
12.42 29658.199683
12.44 29639.310602
12.46 29633.277993
12.48 29632.47961
12.5 29628.817002
12.52 29612.924076
12.54 29597.168322
12.56 29581.548214
12.58 29566.062255
12.6 29554.298155
12.62 29541.781443
12.64 29529.386685
12.66 29514.394567
12.68 29499.529502
12.7 29487.277284
12.72 29485.740502
12.74 29484.260388
12.76 29482.807567
12.78 29481.351372
12.8 29479.84686
12.82 29478.178055
12.84 29475.831957
12.86 29468.527236
12.88 29451.250968
12.9 29432.678301
12.92 29420.41314
12.94 29406.184006
12.96 29389.920369
12.98 29373.773475
13 29371.802291
13.02 29371.071433
13.04 29370.437911
13.06 29369.852546
13.08 29369.26794
13.1 29368.674271
13.12 29367.252793
13.14 29354.074573
13.16 29341.001345
13.18 29331.371408
13.2 29318.495165
13.22 29310.738045
13.24 29298.049835
13.26 29285.46144
13.28 29271.817483
13.3 29255.631254
13.32 29243.350302
13.34 29231.165206
13.36 29219.074927
13.38 29207.0785
13.4 29195.185247
13.42 29183.373458
13.44 29171.652726
13.46 29160.02214
13.48 29148.480803
13.5 29137.027825
13.52 29129.823451
13.54 29119.186162
13.56 29107.979378
13.58 29096.857572
13.6 29085.819903
13.62 29074.865533
13.64 29064.006892
13.66 29057.565074
13.68 29044.377762
13.7 29031.880822
13.72 29021.326179
13.74 29010.864167
13.76 29000.470199
13.78 28990.153391
13.8 28979.912946
13.82 28969.748104
