2.5 28959.65821
2.52 28949.651938
2.54 28935.143421
2.56 28925.278293
2.58 28915.492787
2.6 28905.778611
2.62 28896.144758
2.64 28886.570983
2.66 28877.066523
2.68 28867.630727
2.7 28858.262949
2.72 28848.962552
2.74 28839.73839
2.76 28830.570662
2.78 28821.468448
2.8 28812.431141
2.82 28803.458139
2.84 28794.548847
2.86 28785.711974
2.88 28776.928139
2.9 28768.206272
2.92 28763.895463
2.94 28755.284581
2.96 28746.74335
2.98 28738.252383
3 28729.820657
3.02 28721.447634
3.04 28713.132726
3.06 28700.603621
3.08 28692.423535
3.1 28683.245899
3.12 28673.409875
3.14 28665.39571
3.16 28657.436571
3.18 28649.531966
3.2 28641.690372
3.22 28633.893191
3.24 28626.149103
3.26 28618.457637
3.28 28610.818328
3.3 28603.239697
3.32 28595.703138
3.34 28588.217372
3.36 28580.781952
3.38 28573.396438
3.4 28566.060394
3.42 28558.782202
3.44 28551.543626
3.46 28544.353242
3.48 28537.210636
3.5 28531.033767
3.52 28525.735715
3.54 28518.736271
3.56 28511.774047
3.58 28504.857532
3.6 28496.104701
3.62 28488.523722
3.64 28477.933766
3.66 28465.774085
3.68 28453.600858
3.7 28441.447633
3.72 28429.332901
3.74 28417.267549
3.76 28405.266803
3.78 28393.317944
3.8 28381.432603
3.82 28369.612942
3.84 28357.860664
3.86 28346.177296
3.88 28334.572764
3.9 28323.032321
3.92 28311.567444
3.94 28300.183081
3.96 28288.888277
3.98 28277.709621
4 28269.938777
4.02 28264.356448
4.04 28258.809318
4.06 28253.297076
4.08 28247.819431
4.1 28242.384331
4.12 28236.974874
4.14 28231.599174
4.16 28226.256956
4.18 28220.947948
4.2 28219.027903
4.22 28218.012753
4.24 28216.873694
4.26 28215.459028
4.28 28213.511095
4.3 28210.580731
4.32 28206.052338
4.34 28199.583114
4.36 28191.534795
4.38 28182.521178
4.4 28172.998326
4.42 28163.214437
4.44 28154.855523
4.46 28149.983839
4.48 28142.526097
4.5 28136.768274
4.52 28131.992108
4.54 28127.25257
4.56 28122.531975
4.58 28116.135828
4.6 28110.849607
4.62 28106.219819
4.64 28101.61764
4.66 28097.050693
4.68 28092.502921
4.7 28087.982107
4.72 28083.488044
4.74 28079.020523
4.76 28074.57934
4.78 28070.172013
4.8 28065.782758
4.82 28061.419241
4.84 28057.081263
4.86 28052.768629
4.88 28048.488882
4.9 28044.226219
4.92 28039.988327
4.94 28033.991548
4.96 28024.620249
4.98 28015.295692
5 28006.02572
5.02 27996.795138
5.04 27987.611765
5.06 27978.475627
5.08 27969.386706
5.1 27960.34496
5.12 27951.357794
5.14 27942.41008
5.16 27935.078586
5.18 27929.343081
5.2 27923.63745
5.22 27915.177699
5.24 27906.534884
5.26 27899.207816
5.28 27895.662221
5.3 27892.136663
5.32 27888.630664
5.34 27884.5869
5.36 27879.12847
5.38 27875.032033
5.4 27871.610355
5.42 27868.207951
5.44 27864.824518
5.46 27861.467167
5.48 27858.121089
5.5 27854.793541
5.52 27851.484389
5.54 27848.193499
5.56 27844.928021
5.58 27841.673135
5.6 27838.436119
5.62 27835.216842
5.64 27832.015175
5.66 27828.830984
5.68 27825.671217
5.7 27820.467035
5.72 27817.338533
5.74 27814.227014
5.76 27811.132358
5.78 27808.061627
5.8 27805.000214
5.82 27801.955306
5.84 27798.926786
5.86 27795.914539
5.88 27792.918451
5.9 27789.945483
5.92 27786.981255
5.94 27784.032848
5.96 27781.100153
5.98 27778.18306
6 27775.28146
6.02 27772.402217
6.04 27769.531166
6.06 27766.675289
6.08 27763.834481
6.1 27761.008638
6.12 27758.204638
6.14 27751.456439
6.16 27743.923887
6.18 27736.422095
6.2 27728.95279
6.22 27721.517005
6.24 27714.122137
6.26 27706.75492
6.28 27699.422466
6.3 27692.124903
6.32 27684.862297
8.32 38974.4478
8.34 38899.055281
8.36 38764.815464
8.38 38685.090955
8.4 38683.703162
8.42 38683.332713
8.44 38672.194549
8.46 38544.482318
8.48 38417.278749
8.5 38346.025554
8.52 38210.392885
8.54 38072.45688
8.56 37935.5128
8.58 37800.680635
8.6 37699.890125
8.62 37647.083679
8.64 37531.25294
8.66 37409.092185
8.68 37288.753741
8.7 37170.236188
8.72 37053.521143
8.74 36938.630924
8.76 36825.969992
8.78 36747.938521
8.8 36672.26029
8.82 36569.109129
8.84 36460.225325
8.86 36352.168506
8.88 36245.68807
8.9 36140.864147
8.92 36037.645013
8.94 35936.031377
8.96 35836.0009
8.98 35737.540192
9 35640.697747
9.02 35545.81736
9.04 35453.948868
9.06 35373.92519
9.08 35283.043108
9.1 35193.396629
9.12 35105.039406
9.14 35017.936249
9.16 34932.100613
9.18 34847.518529
9.2 34764.172575
9.22 34682.06546
9.24 34601.136736
9.26 34521.390053
9.28 34442.811935
9.3 34365.407185
9.32 34292.036196
9.34 34251.469587
9.36 34250.405716
9.38 34249.30553
9.4 34179.114828
9.42 34099.735629
9.44 34021.365445
9.46 33944.032618
9.48 33875.881347
9.5 33814.440892
9.52 33740.003986
9.54 33666.517893
9.56 33594.008251
9.58 33522.494568
9.6 33452.529944
9.62 33397.043717
9.64 33355.967944
9.66 33316.150132
9.68 33277.025876
9.7 33238.485956
9.72 33200.513614
9.74 33163.090878
9.76 33126.204219
9.78 33089.842037
9.8 33054.008072
9.82 33018.66162
9.84 32983.809042
9.86 32949.440425
9.88 32908.592098
9.9 32852.623915
9.92 32797.313758
9.94 32742.672707
9.96 32688.717163
9.98 32662.374965
10 32628.065869
10.02 32570.123054
10.04 32512.78204
10.06 32456.156909
10.08 32400.314255
10.1 32345.452263
10.12 32292.556685
10.14 32247.812757
10.16 32200.207293
10.18 32147.379636
10.2 32110.593112
10.22 32086.363516
10.24 32062.471073
10.26 32038.87949
10.28 32000.092911
10.3 31957.30741
10.32 31915.036857
10.34 31873.27337
10.36 31832.02494
10.38 31791.251968
10.4 31750.963328
10.42 31711.151718
10.44 31671.809972
10.46 31632.946825
10.48 31594.523257
10.5 31556.548835
10.52 31519.016892
10.54 31481.920876
10.56 31451.291296
10.58 31421.706115
10.6 31385.826454
10.62 31350.357985
10.64 31315.294689
10.66 31280.630644
10.68 31246.360031
10.7 31212.491912
10.72 31178.990584
10.74 31145.865834
10.76 31113.112235
10.78 31080.724454
10.8 31048.71209
10.82 31024.253186
10.84 31010.098575
10.86 30975.441558
10.88 30944.663856
10.9 30907.987172
10.92 30882.282256
10.94 30882.171335
10.96 30882.151818
10.98 30875.142563
11 30861.707729
11.02 30848.440691
11.04 30829.516663
11.06 30798.136157
11.08 30767.069663
11.1 30736.31484
11.12 30705.867828
11.14 30675.73875
11.16 30645.895631
11.18 30631.392654
11.2 30622.327954
11.22 30613.271768
11.24 30603.0815
11.26 30571.409103
11.28 30539.490076
11.3 30510.405729
11.32 30484.04459
11.34 30452.363553
11.36 30420.510617
11.38 30391.350649
11.4 30380.312294
11.42 30373.190567
11.44 30366.378994
11.46 30359.700462
11.48 30353.129604
11.5 30346.626616
11.52 30340.195385
11.54 30323.132702
11.56 30300.062719
11.58 30277.220347
11.6 30254.615594
11.62 30232.219444
11.64 30210.04239
11.66 30188.081675
11.68 30170.456011
11.7 30153.545063
11.72 30133.809256
11.74 30112.650774
11.76 30086.61502
11.78 30064.774186
11.8 30044.239799
11.82 30019.89029
11.84 30003.76897
11.86 29989.057431
11.88 29970.109999
11.9 29950.509963
11.92 29931.094169
11.94 29911.872575
11.96 29892.817848
11.98 29875.069735
12 29855.246039
12.02 29836.716326
12.04 29826.329124
12.06 29822.177289
12.08 29818.046887
12.1 29813.898313
12.12 29809.632931
12.14 29804.954906
12.16 29798.458084
12.18 29784.106209
12.2 29771.603865
12.22 29750.832684
12.24 29727.012032
12.26 29704.750517
12.28 29698.796469
12.3 29697.282748
12.32 29695.97021
12.34 29694.71344
12.36 29693.484086
12.38 29692.282747
12.4 29677.249956
12.42 29664.853122
12.44 29661.862776
12.46 29658.536308
12.48 29644.83691
12.5 29631.581453
12.52 29616.557711
12.54 29599.687467
12.56 29585.159358
12.58 29569.662348
12.6 29557.818981
12.62 29544.507273
12.64 29541.612742
12.66 29541.540976
12.68 29541.492246
12.7 29541.450949
12.72 29541.421529
12.74 29541.375135
12.76 29541.310323
12.78 29541.103881
12.8 29523.781343
12.82 29506.578141
12.84 29489.52231
12.86 29472.590067
12.88 29455.791947
12.9 29439.126382
12.92 29422.593596
12.94 29408.14237
12.96 29404.677612
12.98 29403.887512
13 29403.525339
13.02 29403.287255
13.04 29403.090188
13.06 29402.903978
13.08 29393.928616
13.1 29380.537104
13.12 29368.037357
13.14 29357.422645
13.16 29344.339812
13.18 29333.97615
13.2 29323.527121
13.22 29311.12996
13.24 29301.614939
13.26 29290.06654
13.28 29272.972477
13.3 29260.590628
13.32 29248.295465
13.34 29236.096172
13.36 29223.991765
13.38 29211.981284
13.4 29200.074049
13.42 29188.24835
13.44 29176.513779
13.46 29164.869425
13.48 29153.31439
13.5 29141.847783
13.52 29130.478774
13.54 29129.11412
13.56 29124.948973
13.58 29111.275772
13.6 29097.699229
13.62 29084.220992
13.64 29070.850386
13.66 29063.486899
13.68 29062.720052
13.7 29061.135454
13.72 29055.372484
13.74 29040.326293
13.76 29023.950539
13.78 29007.50695
13.8 28991.10759
13.82 28974.786754
