2.5 29259.450247
2.52 29247.993581
2.54 29236.610456
2.56 29225.310059
2.58 29214.091536
2.6 29202.95366
2.62 29191.295273
2.64 29177.97869
2.66 29166.997419
2.68 29156.185336
2.7 29145.450728
2.72 29134.792857
2.74 29124.220489
2.76 29113.713729
2.78 29099.520917
2.8 29084.714542
2.82 29073.197102
2.84 29068.133513
2.86 29062.294967
2.88 29052.225568
2.9 29042.226774
2.92 29032.297944
2.94 29022.438441
2.96 29012.656953
2.98 29002.934021
3 28993.278552
3.02 28983.689938
3.04 28974.167575
3.06 28964.710869
3.08 28955.328368
3.1 28946.001021
3.12 28936.737585
3.14 28927.537492
3.16 28918.400179
3.18 28909.325086
3.2 28900.320628
3.22 28891.368141
3.24 28882.476242
3.26 28873.644398
3.28 28864.87208
3.3 28856.167746
3.32 28844.583077
3.34 28830.701611
3.36 28817.132488
3.38 28804.010915
3.4 28791.382556
3.42 28778.624605
3.44 28765.255698
3.46 28751.644936
3.48 28737.999503
3.5 28724.388666
3.52 28710.839092
3.54 28697.371865
3.56 28683.976563
3.58 28670.667005
3.6 28657.447755
3.62 28644.324077
3.64 28631.311772
3.66 28618.404289
3.68 28605.628549
3.7 28593.017087
3.72 28580.634073
3.74 28568.621776
3.76 28561.162377
3.78 28554.196472
3.8 28547.27541
3.82 28540.39884
3.84 28536.123718
3.86 28535.087122
3.88 28534.34384
3.9 28533.719142
3.92 28533.124277
3.94 28532.481671
3.96 28531.688334
3.98 28530.550522
4 28528.574893
4.02 28524.481314
4.04 28516.162232
4.06 28504.94942
4.08 28493.194116
4.1 28481.378178
4.12 28469.574565
4.14 28457.81804
4.16 28446.11903
4.18 28434.482508
4.2 28422.919415
4.22 28411.649869
4.24 28405.622285
4.26 28395.896464
4.28 28389.951197
4.3 28384.042537
4.32 28378.17805
4.34 28372.341076
4.36 28366.539592
4.38 28360.773313
4.4 28355.041962
4.42 28349.345262
4.44 28343.690907
4.46 28338.06254
4.48 28332.468014
4.5 28326.907062
4.52 28321.37942
4.54 28315.892812
4.56 28310.430866
4.58 28305.001458
4.6 28299.604336
4.62 28294.239248
4.64 28288.905946
4.66 28283.612034
4.68 28278.341423
4.7 28273.101867
4.72 28267.893124
4.74 28262.64823
4.76 28255.227714
4.78 28247.69533
4.8 28239.102413
4.82 28232.407311
4.84 28227.844711
4.86 28224.917581
4.88 28222.96764
4.9 28219.975064
4.92 28213.059145
4.94 28206.170022
4.96 28199.318285
4.98 28192.504357
5 28185.735746
5.02 28178.996885
5.04 28172.295278
5.06 28165.630674
5.08 28159.002811
5.1 28152.411432
5.12 28145.863767
5.14 28139.344448
5.16 28132.860843
5.18 28126.412698
5.2 28119.99976
5.22 28113.629281
5.24 28107.285878
5.26 28100.97694
5.28 28094.702223
5.3 28088.461486
5.32 28082.254487
5.34 28076.088374
5.36 28069.948014
5.38 28063.840686
5.4 28057.766156
5.42 28050.304232
5.44 28041.280139
5.46 28032.3055
5.48 28023.36604
5.5 28014.469421
5.52 28005.834832
5.54 28001.989514
5.56 27995.658552
5.58 27991.158823
5.6 27987.382642
5.62 27983.627051
5.64 27979.891894
5.66 27976.17702
5.68 27972.489437
5.7 27968.814437
5.72 27964.870246
5.74 27959.433979
5.76 27955.822182
5.78 27952.237309
5.8 27948.664432
5.82 27945.110718
5.84 27941.576029
5.86 27938.060234
5.88 27934.563199
5.9 27931.091869
5.92 27927.631845
5.94 27924.190193
5.96 27920.766785
5.98 27917.361495
6 27912.942815
6.02 27904.787317
6.04 27896.665758
6.06 27888.585358
6.08 27880.546422
6.1 27872.54947
6.12 27864.602295
6.14 27856.692399
6.16 27849.176125
6.18 27844.218428
6.2 27839.285883
6.22 27834.377707
6.24 27829.500402
6.26 27824.641641
6.28 27819.808315
6.3 27814.998999
6.32 27810.213459
8.46 39712.875289
8.48 38876.973869
8.5 38874.040772
8.52 38871.218373
8.54 38868.471985
8.56 38776.229823
8.58 38682.656929
8.6 38567.596374
8.62 38434.047616
8.64 38347.420786
8.66 38331.550391
8.68 38197.955647
8.7 38066.382409
8.72 37936.930751
8.74 37809.572075
8.76 37685.213325
8.78 37569.560173
8.8 37454.229724
8.82 37343.500832
8.84 37227.030757
8.86 37113.170793
8.88 37003.155905
8.9 36902.119107
8.92 36831.999577
8.94 36797.416365
8.96 36709.58652
8.98 36623.115891
9 36537.70955
9.02 36453.76405
9.04 36370.904471
9.06 36288.86489
9.08 36206.994086
9.1 36123.419112
9.12 36034.214934
9.14 35939.027748
9.16 35841.772177
9.18 35744.61234
9.2 35648.400226
9.22 35576.245026
9.24 35482.500618
9.26 35389.521462
9.28 35297.859466
9.3 35207.860203
9.32 35121.048389
9.34 35045.43772
9.36 34982.321414
9.38 34922.713445
9.4 34864.57942
9.42 34807.517104
9.44 34751.394068
9.46 34696.149536
9.48 34641.745023
9.5 34588.152932
9.52 34535.351164
9.54 34483.320264
9.56 34431.303491
9.58 34358.905961
9.6 34288.322202
9.62 34251.251466
9.64 34221.625345
9.66 34152.626758
9.68 34084.54007
9.7 34017.337733
9.72 33951.025347
9.74 33885.588527
9.76 33821.012849
9.78 33757.284071
9.8 33694.405514
9.82 33632.328077
9.84 33571.056335
9.86 33510.577063
9.88 33450.877296
9.9 33391.961719
9.92 33338.943592
9.94 33276.345163
9.96 33219.638096
9.98 33163.649425
10 33106.939517
10.02 33053.798172
10.04 32999.895767
10.06 32946.66699
10.08 32894.101175
10.1 32842.187852
10.12 32790.916753
10.14 32740.294001
10.16 32690.276747
10.18 32646.355739
10.2 32597.534527
10.22 32549.305453
10.24 32501.67694
10.26 32454.606967
10.28 32408.103612
10.3 32362.158209
10.32 32324.988351
10.34 32280.097381
10.36 32235.755233
10.38 32201.784159
10.4 32177.803167
10.42 32154.123535
10.44 32130.740206
10.46 32107.660833
10.48 32084.854695
10.5 32062.328256
10.52 32040.071348
10.54 32018.012268
10.56 31979.692202
10.58 31932.891737
10.6 31886.119586
10.62 31839.698111
10.64 31793.720597
10.66 31748.233336
10.68 31703.279973
10.7 31658.952035
10.72 31615.421887
10.74 31573.469159
10.76 31536.891029
10.78 31512.968266
10.8 31492.351377
10.82 31473.14766
10.84 31454.518722
10.86 31436.247879
10.88 31418.250582
10.9 31387.378749
10.92 31351.492987
10.94 31315.958408
10.96 31280.78566
10.98 31245.970128
11 31211.507209
11.02 31177.392366
11.04 31143.635078
11.06 31110.20259
11.08 31077.105475
11.1 31060.455382
11.12 31048.07049
11.14 31035.825833
11.16 31023.681518
11.18 31011.574738
11.2 30993.242872
11.22 30958.762164
11.24 30928.304736
11.26 30897.533301
11.28 30882.218363
11.3 30881.97119
11.32 30869.055807
11.34 30850.828272
11.36 30823.437543
11.38 30796.336649
11.4 30769.495169
11.42 30742.92322
11.44 30716.617335
11.46 30690.574103
11.48 30669.121033
11.5 30643.577282
11.52 30618.286371
11.54 30593.245094
11.56 30568.450291
11.58 30543.898851
11.6 30526.047932
11.62 30501.95041
11.64 30478.08736
11.66 30454.455851
11.68 30434.927632
11.7 30427.974817
11.72 30420.242413
11.74 30392.759328
11.76 30363.592476
11.78 30334.949246
11.8 30307.751479
11.82 30284.956802
11.84 30259.532316
11.86 30243.041345
11.88 30234.475591
11.9 30210.610227
11.92 30186.956624
11.94 30163.525454
11.96 30140.289515
11.98 30117.259129
12 30094.432316
12.02 30083.863179
12.04 30079.765082
12.06 30075.738852
12.08 30071.747458
12.1 30067.793027
12.12 30063.861629
12.14 30059.918379
12.16 30055.804224
12.18 30044.755673
12.2 30024.771742
12.22 29999.885099
12.24 29974.503964
12.26 29949.816543
12.28 29936.742798
12.3 29933.272263
12.32 29930.281726
12.34 29927.398345
12.36 29924.568798
12.38 29919.218379
12.4 29898.793192
12.42 29878.538012
12.44 29858.456411
12.46 29853.192113
12.48 29848.983727
12.5 29834.385748
12.52 29820.748895
12.54 29804.086649
12.56 29787.313561
12.58 29770.683891
12.6 29754.196052
12.62 29739.369767
12.64 29725.548327
12.66 29705.578768
12.68 29689.64242
12.7 29675.666096
12.72 29663.5912
12.74 29648.036277
12.76 29632.611354
12.78 29623.577726
12.8 29622.196744
12.82 29621.49821
12.84 29620.863367
12.86 29620.230408
12.88 29619.597859
12.9 29618.945918
12.92 29618.180588
12.94 29603.769366
12.96 29586.495605
12.98 29573.848741
13 29556.059718
13.02 29554.759965
13.04 29554.547985
13.06 29554.398568
13.08 29554.252323
13.1 29554.111531
13.12 29546.666959
13.14 29535.934608
13.16 29521.922246
13.18 29513.133724
13.2 29499.326904
13.22 29485.628843
13.24 29472.038431
13.26 29458.554571
13.28 29451.627348
13.3 29443.169212
13.32 29426.268996
13.34 29410.103872
13.36 29403.882927
13.38 29402.387107
13.4 29401.475963
13.42 29400.683221
13.44 29388.556074
13.46 29373.400129
13.48 29360.93566
13.5 29360.456455
13.52 29359.986951
13.54 29359.483493
13.56 29358.9019
13.58 29358.002498
13.6 29353.967878
13.62 29339.572349
13.64 29329.326476
13.66 29312.657857
13.68 29311.145613
13.7 29310.95905
13.72 29310.846773
13.74 29310.766518
13.76 29303.034079
13.78 29291.233764
13.8 29282.636979
13.82 29271.001033
