2.5 29310.1927
2.52 29308.82924
2.54 29297.511336
2.56 29285.425976
2.58 29268.14861
2.6 29250.763857
2.62 29233.476041
2.64 29216.296805
2.66 29199.256013
2.68 29182.385811
2.7 29165.780277
2.72 29149.970502
2.74 29138.751234
2.76 29134.14948
2.78 29132.117156
2.8 29130.94667
2.82 29130.106479
2.84 29129.387067
2.86 29128.676171
2.88 29127.833894
2.9 29126.660957
2.92 29124.642883
2.94 29120.32386
2.96 29111.344834
2.98 29098.360397
3 29083.813309
3.02 29068.969481
3.04 29056.539862
3.06 29044.428601
3.08 29030.077557
3.1 29015.090329
3.12 28999.94214
3.14 28984.77499
3.16 28969.643925
3.18 28954.574353
3.2 28939.588548
3.22 28924.676201
3.24 28909.851599
3.26 28895.118794
3.28 28880.481855
3.3 28865.955171
3.32 28854.525758
3.34 28845.91128
3.36 28837.35441
3.38 28828.854598
3.4 28820.411343
3.42 28812.032967
3.44 28803.701175
3.46 28795.424484
3.48 28787.20242
3.5 28779.034512
3.52 28771.050256
3.54 28770.006708
3.56 28768.935547
3.58 28767.695515
3.6 28766.052092
3.62 28758.858771
3.64 28748.743863
3.66 28738.681786
3.68 28728.682264
3.7 28718.744979
3.72 28708.86948
3.74 28699.05529
3.76 28689.310439
3.78 28679.617209
3.8 28667.708992
3.82 28655.369773
3.84 28648.054389
3.86 28639.197153
3.88 28629.627651
3.9 28622.455599
3.92 28613.421417
3.94 28605.669668
3.96 28598.642939
3.98 28591.668794
4 28584.72993
4.02 28577.83453
4.04 28570.982237
4.06 28564.172699
4.08 28557.405568
4.1 28550.688732
4.12 28544.005227
4.14 28537.363114
4.16 28533.005809
4.18 28526.722295
4.2 28520.204911
4.22 28513.719165
4.24 28507.273179
4.26 28500.866642
4.28 28494.499238
4.3 28488.170658
4.32 28481.888696
4.34 28475.636677
4.36 28468.761336
4.38 28460.781774
4.4 28452.36284
4.42 28441.043697
4.44 28429.768451
4.46 28418.529268
4.48 28407.33941
4.5 28396.202327
4.52 28385.120404
4.54 28374.103313
4.56 28363.136341
4.58 28352.228722
4.6 28341.381567
4.62 28330.596146
4.64 28319.874147
4.66 28309.225867
4.68 28298.835555
4.7 28291.461631
4.72 28284.12969
4.74 28276.83941
4.76 28269.590489
4.78 28262.390361
4.8 28255.223187
4.82 28248.096689
4.84 28241.014743
4.86 28235.779438
4.88 28230.808674
4.9 28225.85906
4.92 28220.93808
4.94 28219.41591
4.96 28218.424698
4.98 28217.356347
5 28216.085069
5.02 28214.419068
5.04 28212.020147
5.06 28208.378125
5.08 28203.040283
5.1 28196.080091
5.12 28188.021646
5.14 28179.335192
5.16 28170.31791
5.18 28161.126776
5.2 28154.941916
5.22 28150.43201
5.24 28142.581819
5.26 28138.12181
5.28 28133.686876
5.3 28129.276728
5.32 28124.891182
5.34 28120.537443
5.36 28116.200435
5.38 28111.887495
5.4 28107.598449
5.42 28103.333124
5.44 28099.091347
5.46 28094.88022
5.48 28090.684907
5.5 28086.512639
5.52 28082.36325
5.54 28078.236576
5.56 28074.139736
5.58 28070.05788
5.6 28065.998256
5.62 28061.960705
5.64 28057.94507
5.66 28053.951194
5.68 28049.112295
5.7 28043.914148
5.72 28039.085652
5.74 28030.318154
5.76 28021.59601
5.78 28012.926353
5.8 28004.294689
5.82 27995.70832
5.84 27987.167298
5.86 27978.671736
5.88 27970.221825
5.9 27961.824904
5.92 27953.467168
5.94 27945.156374
5.96 27936.893331
5.98 27928.679151
6 27920.515432
6.02 27915.719581
6.04 27912.357831
6.06 27909.013762
6.08 27905.687233
6.1 27902.378123
6.12 27899.093294
6.14 27895.818548
6.16 27892.560864
6.18 27889.320126
6.2 27886.096218
6.22 27882.889027
6.24 27879.705318
6.26 27876.531107
6.28 27873.373275
6.3 27870.231711
6.32 27867.106305
8.54 39729.474811
8.56 38865.829194
8.58 38863.205579
8.6 38764.32663
8.62 38684.843223
8.64 38604.358721
8.66 38491.152685
8.68 38380.05856
8.7 38348.180785
8.72 38347.889919
8.74 38259.973258
8.76 38128.311139
8.78 37998.541571
8.8 37870.60738
8.82 37744.529807
8.84 37648.268564
8.86 37526.511732
8.88 37407.678538
8.9 37294.928181
8.92 37193.423343
8.94 37100.211196
8.96 37010.640001
8.98 36923.232345
9 36837.454979
9.02 36774.865952
9.04 36697.045367
9.06 36594.781342
9.08 36508.995116
9.1 36430.173814
9.12 36352.553203
9.14 36276.17613
9.16 36200.981569
9.18 36104.829874
9.2 36009.497699
9.22 35915.571226
9.24 35822.991069
9.26 35731.768215
9.28 35641.927339
9.3 35553.767874
9.32 35468.309603
9.34 35383.488653
9.36 35299.186827
9.38 35215.800283
9.4 35133.453427
9.42 35052.186298
9.44 34975.317372
9.46 34902.971711
9.48 34824.898641
9.5 34747.890819
9.52 34671.933004
9.54 34597.009935
9.56 34523.12584
9.58 34450.231219
9.6 34378.344999
9.62 34307.546414
9.64 34252.176024
9.66 34249.393933
9.68 34178.337526
9.7 34104.025628
9.72 34042.747939
9.74 33976.632862
9.76 33905.552675
9.78 33834.750597
9.8 33764.6664
9.82 33695.34254
9.84 33626.815014
9.86 33559.08538
9.88 33492.150182
9.9 33426.02536
9.92 33360.721433
9.94 33308.823869
9.96 33270.197053
9.98 33232.204168
10 33194.741779
10.02 33157.772134
10.04 33121.301918
10.06 33085.312064
10.08 33049.792639
10.1 33014.734094
10.12 32980.126689
10.14 32945.956694
10.16 32912.214622
10.18 32878.885888
10.2 32845.946379
10.22 32813.346783
10.24 32780.944744
10.26 32747.829053
10.28 32704.960845
10.3 32659.257576
10.32 32612.441109
10.34 32563.454071
10.36 32515.013682
10.38 32467.09228
10.4 32419.699915
10.42 32372.829623
10.44 32326.474258
10.46 32280.642501
10.48 32235.295229
10.5 32190.441881
10.52 32146.075635
10.54 32102.189829
10.56 32058.777899
10.58 32015.848877
10.6 31973.403025
10.62 31949.642199
10.64 31926.762124
10.66 31904.204481
10.68 31881.947953
10.7 31859.995929
10.72 31838.333871
10.74 31817.013078
10.76 31788.760723
10.78 31751.474368
10.8 31714.613521
10.82 31678.14225
10.84 31642.070246
10.86 31606.391944
10.88 31571.101871
10.9 31536.194646
10.92 31501.679352
10.94 31467.521537
10.96 31433.730946
10.98 31400.302535
11 31367.231336
11.02 31334.512462
11.04 31302.569321
11.06 31271.124033
11.08 31238.435087
11.1 31207.077708
11.12 31176.049357
11.14 31145.359598
11.16 31114.97561
11.18 31084.907562
11.2 31055.151231
11.22 31025.702462
11.24 30996.557172
11.26 30967.724942
11.28 30946.016461
11.3 30917.731365
11.32 30889.734269
11.34 30882.137298
11.36 30882.129139
11.38 30882.13262
11.4 30877.958879
11.42 30848.164154
11.44 30818.651893
11.46 30789.420312
11.48 30771.188282
11.5 30756.822985
11.52 30735.501037
11.54 30706.300098
11.56 30674.913029
11.58 30643.241247
11.6 30619.366775
11.62 30593.251212
11.64 30561.95714
11.66 30530.919901
11.68 30503.289877
11.7 30489.164491
11.72 30478.882427
11.74 30469.461388
11.76 30460.400053
11.78 30451.542011
11.8 30442.818479
11.82 30434.192107
11.84 30425.609165
11.86 30417.013537
11.88 30408.268461
11.9 30398.9561
11.92 30387.255408
11.94 30367.714935
11.96 30345.612651
11.98 30327.305838
12 30299.448928
12.02 30271.38273
12.04 30243.581105
12.06 30216.533867
12.08 30196.538655
12.1 30187.403732
12.12 30180.302653
12.14 30172.250826
12.16 30152.253375
12.18 30132.420826
12.2 30110.999995
12.22 30089.449302
12.24 30070.160134
12.26 30051.043254
12.28 30034.626676
12.3 30017.130286
12.32 29998.504947
12.34 29985.789537
12.36 29967.472113
12.38 29949.32703
12.4 29931.328722
12.42 29916.274042
12.44 29913.523223
12.46 29910.69709
12.48 29905.281224
12.5 29882.444741
12.52 29860.379768
12.54 29842.784501
12.56 29822.65207
12.58 29815.620423
12.6 29813.353489
12.62 29811.334084
12.64 29809.370146
12.66 29807.440604
12.68 29805.532729
12.7 29803.636679
12.72 29801.745875
12.74 29784.30502
12.76 29765.598412
12.78 29747.040656
12.8 29728.631419
12.82 29726.405469
12.84 29718.123405
12.86 29701.090033
12.88 29682.943449
12.9 29667.0348
12.92 29665.213359
12.94 29664.19377
12.96 29663.271425
12.98 29648.694918
13 29633.762738
13.02 29618.951077
13.04 29607.690313
13.06 29594.417395
13.08 29583.827233
13.1 29578.934407
13.12 29578.611631
13.14 29578.27124
13.16 29577.808978
13.18 29565.800627
13.2 29552.926803
13.22 29542.179843
13.24 29541.414427
13.26 29530.125044
13.28 29513.920087
13.3 29509.559119
13.32 29508.034443
13.34 29506.563566
13.36 29505.11195
13.38 29503.649946
13.4 29502.138602
13.42 29500.417724
13.44 29497.785895
13.46 29488.986778
13.48 29472.118931
13.5 29454.87282
13.52 29443.218322
13.54 29426.000929
13.56 29410.531706
13.58 29405.143714
13.6 29400.641207
13.62 29391.309794
13.64 29378.879666
13.66 29366.532356
13.68 29357.366718
13.7 29346.901438
13.72 29334.814215
13.74 29329.152007
13.76 29328.915812
13.78 29315.463438
13.8 29310.512566
13.82 29310.398987
