2.5 29660.409345
2.52 29658.023153
2.54 29655.2573
2.56 29650.595967
2.58 29638.173676
2.6 29627.893682
2.62 29612.064451
2.64 29596.154675
2.66 29594.602362
2.68 29594.151362
2.7 29593.764955
2.72 29593.397434
2.74 29590.272661
2.76 29577.599337
2.78 29568.087105
2.8 29560.231624
2.82 29549.008629
2.84 29540.850346
2.86 29540.794032
2.88 29540.643039
2.9 29531.692051
2.92 29515.906505
2.94 29504.290766
2.96 29487.264596
2.98 29469.91345
3 29456.693798
3.02 29454.506471
3.04 29453.297747
3.06 29452.273601
3.08 29451.324403
3.1 29450.39198
3.12 29449.462417
3.14 29448.509037
3.16 29447.474142
3.18 29446.141772
3.2 29442.806315
3.22 29430.783673
3.24 29415.914129
3.26 29406.868156
3.28 29399.007147
3.3 29385.79576
3.32 29372.660296
3.34 29370.588385
3.36 29370.070137
3.38 29367.795248
3.4 29356.994868
3.42 29346.274285
3.44 29338.467477
3.46 29327.87113
3.48 29321.645026
3.5 29311.175909
3.52 29308.911026
3.54 29308.840692
3.56 29308.665225
3.58 29306.347168
3.6 29295.608483
3.62 29283.661783
3.64 29268.22543
3.66 29252.728894
3.68 29237.300252
3.7 29221.962255
3.72 29206.727471
3.74 29191.611531
3.76 29181.092536
3.78 29171.525768
3.8 29162.019572
3.82 29152.573423
3.84 29143.186824
3.86 29133.859284
3.88 29130.948392
3.9 29130.111135
3.92 29129.391969
3.94 29128.671711
3.96 29127.830058
3.98 29121.344042
4 29110.16552
4.02 29099.052989
4.04 29088.006787
4.06 29077.026534
4.08 29066.112204
4.1 29061.643471
4.12 29057.858347
4.14 29046.587096
4.16 29033.080982
4.18 29019.423322
4.2 29005.778445
4.22 28992.166927
4.24 28981.102961
4.26 28970.754403
4.28 28959.190624
4.3 28945.772776
4.32 28934.603392
4.34 28926.557418
4.36 28918.559122
4.38 28909.924206
4.4 28899.993123
4.42 28891.006674
4.44 28883.214311
4.46 28875.461113
4.48 28867.754072
4.5 28860.092754
4.52 28852.476785
4.54 28844.913791
4.56 28837.387308
4.58 28829.905122
4.6 28822.466893
4.62 28815.07228
4.64 28807.720951
4.66 28800.420425
4.68 28793.154528
4.7 28785.930932
4.72 28778.749316
4.74 28771.609359
4.76 28764.510747
4.78 28759.100356
4.8 28752.416179
4.82 28743.468192
4.84 28736.530826
4.86 28729.634136
4.88 28721.117288
4.9 28713.551394
4.92 28706.777409
4.94 28700.04204
4.96 28693.344998
4.98 28686.685997
5 28680.072367
5.02 28673.48847
5.04 28666.941777
5.06 28660.432013
5.08 28653.958906
5.1 28647.522185
5.12 28641.129073
5.14 28634.764194
5.16 28628.434907
5.18 28622.140954
5.2 28615.882076
5.22 28609.66552
5.24 28603.475896
5.26 28597.320588
5.28 28591.199349
5.3 28585.11193
5.32 28579.058088
5.34 28573.044965
5.36 28567.057424
5.38 28560.884949
5.4 28550.180919
5.42 28539.626834
5.44 28529.450998
5.46 28520.174237
5.48 28510.990568
5.5 28501.297706
5.52 28491.306849
5.54 28481.181036
5.56 28471.008791
5.58 28460.817122
5.6 28450.635996
5.62 28440.478616
5.64 28430.35309
5.66 28420.264623
5.68 28410.223817
5.7 28400.21864
5.72 28390.25803
5.74 28380.343219
5.76 28370.475373
5.78 28364.772458
5.8 28359.756981
5.82 28354.768089
5.84 28349.805583
5.86 28344.869278
5.88 28339.958992
5.9 28335.081622
5.92 28330.222719
5.94 28325.389302
5.96 28320.581195
5.98 28315.798225
6 28311.04022
6.02 28306.31398
6.04 28301.605278
6.06 28296.921035
6.08 28292.261083
6.1 28287.625258
6.12 28283.020379
6.14 28278.432204
6.16 28273.867669
6.18 28269.326615
6.2 28264.808883
6.22 28260.314308
6.24 28255.661178
6.26 28248.251115
6.28 28242.863144
6.3 28237.356127
6.32 28232.984977
8.92 39299.869145
8.94 39189.099698
8.96 38809.003988
8.98 38807.306996
9 38805.669648
9.02 38699.263992
9.04 38663.472412
9.06 38562.066154
9.08 38462.373001
9.1 38364.290314
9.12 38293.541721
9.14 38179.06382
9.16 38078.940777
9.18 37986.720535
9.2 37895.882909
9.22 37806.396853
9.24 37718.242718
9.26 37691.994061
9.28 37599.209268
9.3 37492.743541
9.32 37387.744737
9.34 37292.942802
9.36 37191.074627
9.38 37090.688967
9.4 36991.814196
9.42 36894.498811
9.44 36798.780179
9.46 36704.604735
9.48 36611.658893
9.5 36519.762296
9.52 36428.89784
9.54 36339.109209
9.56 36250.454476
9.58 36162.923321
9.6 36076.560388
9.62 35991.403898
9.64 35911.614619
9.66 35845.707992
9.68 35779.486681
9.7 35710.299357
9.72 35638.30043
9.74 35573.601598
9.76 35490.066286
9.78 35407.078046
9.8 35325.027379
9.82 35243.99122
9.84 35164.161798
9.86 35086.277999
9.88 35015.614377
9.9 34959.05218
9.92 34906.996121
9.94 34856.307889
9.96 34806.498565
9.98 34757.431669
10 34709.049891
10.02 34661.323745
10.04 34614.228225
10.06 34567.747624
10.08 34521.867369
10.1 34476.573984
10.12 34431.854207
10.14 34387.69313
10.16 34344.076814
10.18 34300.981421
10.2 34256.97067
10.22 34216.052778
10.24 34173.010777
10.26 34110.912649
10.28 34045.184025
10.3 33980.077831
10.32 33915.651199
10.34 33851.907941
10.36 33788.858994
10.38 33726.467202
10.4 33664.742077
10.42 33603.679445
10.44 33547.145826
10.46 33492.73847
10.48 33442.32008
10.5 33385.634301
10.52 33332.9406
10.54 33280.80897
10.56 33236.619898
10.58 33205.356757
10.6 33174.587938
10.62 33144.216297
10.64 33114.215193
10.66 33084.572165
10.68 33055.278866
10.7 33026.341661
10.72 32982.259986
10.74 32936.111726
10.76 32890.467384
10.78 32845.319937
10.8 32800.677317
10.82 32756.502561
10.84 32712.804355
10.86 32669.576505
10.88 32631.778277
10.9 32589.45392
10.92 32547.594325
10.94 32506.164508
10.96 32465.173369
10.98 32424.614979
11 32384.4835
11.02 32344.773181
11.04 32312.922598
11.06 32284.413771
11.08 32258.194126
11.1 32216.41407
11.12 32172.265103
11.14 32128.117884
11.16 32085.412231
11.18 32048.845989
11.2 32012.653315
11.22 31971.208172
11.24 31934.222527
11.26 31899.162559
11.28 31864.442877
11.3 31830.072935
11.32 31796.048225
11.34 31768.386136
11.36 31736.001986
11.38 31706.89367
11.4 31688.743962
11.42 31670.856507
11.44 31653.188275
11.46 31635.714221
11.48 31618.421418
11.5 31601.276273
11.52 31583.469094
11.54 31550.020995
11.56 31516.862199
11.58 31484.007938
11.6 31451.467731
11.62 31419.211916
11.64 31387.250307
11.66 31355.579478
11.68 31324.196068
11.7 31293.097594
11.72 31278.390772
11.74 31265.719704
11.76 31235.632132
11.78 31202.509484
11.8 31173.271538
11.82 31144.255684
11.84 31110.747696
11.86 31077.218433
11.88 31043.957687
11.9 31011.12638
11.92 30982.941501
11.94 30971.520373
11.96 30961.381439
11.98 30951.434596
12 30941.61121
12.02 30931.894118
12.04 30922.275907
12.06 30912.761017
12.08 30903.325716
12.1 30893.972998
12.12 30884.688257
12.14 30882.071814
12.16 30866.144222
12.18 30845.631574
12.2 30815.558432
12.22 30785.44204
12.24 30755.830348
12.26 30731.951984
12.28 30719.34367
12.3 30708.911142
12.32 30686.464471
12.34 30664.052701
12.36 30641.835764
12.38 30623.69151
12.4 30601.06311
12.42 30577.016301
12.44 30554.884123
12.46 30533.608859
12.48 30512.515827
12.5 30491.614405
12.52 30470.879437
12.54 30454.094414
12.56 30433.698223
12.58 30419.188041
12.6 30399.116726
12.62 30379.225398
12.64 30359.489609
12.66 30339.919008
12.68 30320.511806
12.7 30301.26624
12.72 30282.191758
12.74 30265.62745
12.76 30260.780248
12.78 30254.709695
12.8 30236.565883
12.82 30212.990092
12.84 30188.50829
12.86 30164.134719
12.88 30140.415732
12.9 30126.709801
12.92 30122.388084
12.94 30118.556974
12.96 30114.845496
12.98 30111.18056
13 30107.556833
13.02 30103.965898
13.04 30100.399798
13.06 30096.855121
13.08 30089.667639
13.1 30070.284708
13.12 30051.048555
13.14 30031.959014
13.16 30017.981665
13.18 29999.013434
13.2 29983.57695
13.22 29966.342223
13.24 29944.440093
13.26 29922.833187
13.28 29907.486227
13.3 29901.783291
13.32 29897.492047
13.34 29893.568579
13.36 29889.805393
13.38 29886.146162
13.4 29882.68356
13.42 29878.504372
13.44 29864.969077
13.46 29849.867909
13.48 29834.881084
13.5 29820.007477
13.52 29805.256027
13.54 29795.602951
13.56 29781.048043
13.58 29766.602069
13.6 29754.650618
13.62 29738.032725
13.64 29727.593549
13.66 29709.896342
13.68 29695.979068
13.7 29682.164685
13.72 29679.345113
13.74 29678.39905
13.76 29677.497856
13.78 29669.348871
13.8 29664.958261
13.82 29662.69782
