2.5 29897.033302
2.52 29890.131626
2.54 29875.567986
2.56 29856.97453
2.58 29837.92774
2.6 29826.480552
2.62 29808.181869
2.64 29797.217077
2.66 29793.156767
2.68 29789.954602
2.7 29781.965699
2.72 29768.340763
2.74 29757.936407
2.76 29744.49436
2.78 29731.14665
2.8 29717.892417
2.82 29706.613851
2.84 29696.328551
2.86 29693.424783
2.88 29682.352394
2.9 29667.27712
2.92 29658.336894
2.94 29657.585393
2.96 29656.688811
2.98 29644.733544
3 29628.138907
3.02 29617.664223
3.04 29613.15086
3.06 29610.784702
3.08 29608.833793
3.1 29607.006835
3.12 29605.236914
3.14 29603.489177
3.16 29601.735555
3.18 29599.933252
3.2 29597.980388
3.22 29595.37882
3.24 29587.270681
3.26 29574.305688
3.28 29562.527881
3.3 29550.453614
3.32 29547.46115
3.34 29540.335473
3.36 29533.148421
3.38 29521.62115
3.4 29510.169563
3.42 29498.801828
3.44 29487.499493
3.46 29479.596868
3.48 29478.563531
3.5 29477.533714
3.52 29476.480653
3.54 29475.356113
3.56 29473.936359
3.58 29470.699893
3.6 29459.37026
3.62 29444.697972
3.64 29433.441681
3.66 29421.487989
3.68 29409.064987
3.7 29404.946075
3.72 29404.022889
3.74 29403.628545
3.76 29397.43251
3.78 29392.224307
3.8 29391.68682
3.82 29391.144337
3.84 29390.572147
3.86 29389.904602
3.88 29385.062904
3.9 29374.768565
3.92 29364.538354
3.94 29354.371753
3.96 29344.268242
3.98 29334.235704
4 29324.256688
4.02 29317.046941
4.04 29308.64921
4.06 29301.465423
4.08 29291.714053
4.1 29291.109882
4.12 29290.906195
4.14 29290.718095
4.16 29290.51078
4.18 29289.149209
4.2 29277.558674
4.22 29266.025513
4.24 29254.559735
4.26 29243.16088
4.28 29231.828451
4.3 29220.561947
4.32 29209.368978
4.34 29198.232685
4.36 29187.16084
4.38 29176.152951
4.4 29165.208517
4.42 29154.326978
4.44 29143.515598
4.46 29132.757949
4.48 29122.061135
4.5 29109.470201
4.52 29096.360664
4.54 29083.936252
4.56 29074.581395
4.58 29068.501581
4.6 29059.168473
4.62 29049.553672
4.64 29041.304739
4.66 29033.113699
4.68 29024.962468
4.7 29016.858537
4.72 29008.80151
4.74 29000.791021
4.76 28992.826712
4.78 28984.915954
4.8 28977.042817
4.82 28969.214824
4.84 28961.431634
4.86 28953.692911
4.88 28946.00606
4.9 28938.355141
4.92 28930.747704
4.94 28923.183425
4.96 28915.661986
4.98 28908.183067
5 28900.753966
5.02 28893.359012
5.04 28886.005643
5.06 28878.693529
5.08 28868.097781
5.1 28860.556287
5.12 28850.982241
5.14 28843.844873
5.16 28836.747265
5.18 28829.689117
5.2 28822.67014
5.22 28815.697553
5.24 28808.755939
5.26 28801.852653
5.28 28794.987418
5.3 28788.159961
5.32 28781.370009
5.34 28774.624677
5.36 28769.985942
5.38 28763.564976
5.4 28756.917451
5.42 28750.306127
5.44 28743.730744
5.46 28737.198319
5.48 28730.693932
5.5 28724.224727
5.52 28717.790457
5.54 28711.390874
5.56 28705.033016
5.58 28698.70195
5.6 28692.404839
5.62 28683.862588
5.64 28677.637289
5.66 28670.098547
5.68 28659.228673
5.7 28648.413931
5.72 28637.664567
5.74 28626.984655
5.76 28616.380194
5.78 28605.867658
5.8 28595.447971
5.82 28585.155293
5.84 28575.040592
5.86 28565.210095
5.88 28555.90894
5.9 28547.730836
5.92 28541.707664
5.94 28538.246852
5.96 28536.402006
5.98 28535.294142
6 28534.513958
6.02 28533.882933
6.04 28533.296038
6.06 28532.682517
6.08 28531.952762
6.1 28526.366507
6.12 28519.148288
6.14 28511.958495
6.16 28504.804431
6.18 28497.68593
6.2 28490.602783
6.22 28483.554768
6.24 28476.548542
6.26 28469.570002
6.28 28462.625859
6.3 28453.747474
6.32 28444.103999
9.2 38790.892288
9.22 38789.58651
9.24 38740.724924
9.26 38683.213341
9.28 38683.00571
9.3 38623.156921
9.32 38510.722904
9.34 38399.752335
9.36 38347.730586
9.38 38347.033001
9.4 38301.320221
9.42 38191.813418
9.44 38083.765935
9.46 37977.19122
9.48 37872.030985
9.5 37768.29673
9.52 37670.331452
9.54 37572.432925
9.56 37473.139978
9.58 37374.978703
9.6 37278.092788
9.62 37182.506684
9.64 37088.234398
9.66 36995.298682
9.68 36903.752188
9.7 36813.608224
9.72 36724.836437
9.74 36637.224923
9.76 36550.570257
9.78 36464.825246
9.8 36380.037962
9.82 36296.209616
9.84 36213.383021
9.86 36131.575308
9.88 36050.778294
9.9 35966.409806
9.92 35882.743878
9.94 35805.099249
9.96 35728.71556
9.98 35653.15222
10 35573.505543
10.02 35497.17672
10.04 35424.93231
10.06 35353.084621
10.08 35281.836164
10.1 35211.312811
10.12 35141.563013
10.14 35072.620212
10.16 35004.454375
10.18 34937.080892
10.2 34870.492699
10.22 34804.681794
10.24 34739.655448
10.26 34675.371064
10.28 34611.835818
10.3 34549.040559
10.32 34486.976466
10.34 34425.637008
10.36 34365.038913
10.38 34305.19804
10.4 34249.983018
10.42 34199.846167
10.44 34160.275228
10.46 34121.188848
10.48 34082.576339
10.5 34044.426135
10.52 34006.72842
10.54 33969.473643
10.56 33932.651706
10.58 33896.251176
10.6 33860.252332
10.62 33824.620934
10.64 33789.224569
10.66 33747.855574
10.68 33689.427059
10.7 33631.323071
10.72 33573.768447
10.74 33516.787525
10.76 33460.377522
10.78 33404.533845
10.8 33349.267183
10.82 33294.545971
10.84 33240.393052
10.86 33186.86082
10.88 33134.771168
10.9 33097.167094
10.92 33045.883179
10.94 33001.160723
10.96 32973.625226
10.98 32946.781038
11 32920.268451
11.02 32892.994855
11.04 32848.170846
11.06 32803.770766
11.08 32759.807122
11.1 32716.279055
11.12 32673.270153
11.14 32664.013871
11.16 32663.797413
11.18 32663.548914
11.2 32663.049377
11.22 32641.106215
11.24 32601.237128
11.26 32561.782257
11.28 32522.708863
11.3 32478.603427
11.32 32433.59799
11.34 32389.002694
11.36 32344.828793
11.38 32301.10165
11.4 32257.818008
11.42 32215.053205
11.44 32173.026039
11.46 32136.640136
11.48 32105.084612
11.5 32081.024634
11.52 32060.360317
11.54 32040.287904
11.56 32014.521864
11.58 31980.811931
11.6 31947.437778
11.62 31914.369256
11.64 31881.615744
11.66 31849.173386
11.68 31817.038388
11.7 31785.207013
11.72 31753.688127
11.74 31722.452632
11.76 31691.509888
11.78 31660.856374
11.8 31630.488622
11.82 31604.703576
11.84 31574.882223
11.86 31545.336606
11.88 31517.178199
11.9 31493.531602
11.92 31464.771076
11.94 31436.285862
11.96 31408.047995
11.98 31380.067037
12 31352.339976
12.02 31324.863841
12.04 31297.6357
12.06 31270.664609
12.08 31250.918545
12.1 31239.05849
12.12 31208.631699
12.14 31176.683726
12.16 31146.428612
12.18 31120.900955
12.2 31091.041915
12.22 31063.298652
12.24 31038.397328
12.26 31013.714342
12.28 30989.258903
12.3 30965.00488
12.32 30951.153263
12.34 30924.927431
12.36 30898.918346
12.38 30882.156836
12.4 30882.146212
12.42 30882.137905
12.44 30882.129611
12.46 30882.120077
12.48 30882.104165
12.5 30874.076082
12.52 30856.684189
12.54 30828.015172
12.56 30799.618501
12.58 30771.81278
12.6 30745.596375
12.62 30723.567201
12.64 30697.471017
12.66 30671.185544
12.68 30659.697707
12.7 30652.389966
12.72 30645.337687
12.74 30638.379224
12.76 30631.497254
12.78 30624.681152
12.8 30604.718721
12.82 30581.956251
12.84 30559.382131
12.86 30536.972503
12.88 30514.736841
12.9 30492.673437
12.92 30470.780724
12.94 30449.692322
12.96 30443.199701
12.98 30437.35595
13 30431.642589
13.02 30414.785985
13.04 30395.92729
13.06 30377.228774
13.08 30358.63109
13.1 30334.088392
13.12 30309.865606
13.14 30287.898
13.16 30280.339881
13.18 30268.036752
13.2 30250.331456
13.22 30236.237306
13.24 30218.796125
13.26 30201.48997
13.28 30184.317488
13.3 30167.287581
13.32 30150.378196
13.34 30138.792793
13.36 30122.126466
13.38 30105.587363
13.4 30089.184491
13.42 30076.417286
13.44 30071.677985
13.46 30066.879693
13.48 30061.869227
13.5 30056.078041
13.52 30046.621884
13.54 30029.406136
13.56 30016.872107
13.58 29998.440476
13.6 29977.258841
13.62 29956.298798
13.64 29938.73935
13.66 29932.083101
13.68 29927.730163
13.7 29922.947951
13.72 29919.690363
13.74 29916.107767
13.76 29912.495146
13.78 29908.874159
13.8 29905.206276
13.82 29901.385074
