2.5 29907.71676
2.52 29903.116822
2.54 29887.540987
2.56 29867.891707
2.58 29848.157835
2.6 29832.986617
2.62 29830.271977
2.64 29823.425742
2.66 29809.507283
2.68 29795.687572
2.7 29785.097094
2.72 29771.463966
2.74 29762.410645
2.76 29749.211845
2.78 29735.851568
2.8 29722.584826
2.82 29709.410768
2.84 29705.628806
2.86 29697.530536
2.88 29691.043628
2.9 29688.467333
2.92 29685.113325
2.94 29677.341716
2.96 29662.020179
2.98 29652.91208
3 29635.980789
3.02 29620.524995
3.04 29618.487714
3.06 29617.906356
3.08 29617.411316
3.1 29616.92923
3.12 29616.457022
3.14 29615.989238
3.16 29615.520979
3.18 29615.042803
3.2 29614.527242
3.22 29601.437092
3.24 29588.802508
3.26 29583.013508
3.28 29567.452284
3.3 29560.825728
3.32 29549.085842
3.34 29540.891376
3.36 29533.475261
3.38 29532.064688
3.4 29530.727598
3.42 29529.429638
3.44 29528.127541
3.46 29526.801116
3.48 29525.389357
3.5 29523.678148
3.52 29520.218387
3.54 29509.018407
3.56 29493.914662
3.58 29480.042641
3.6 29469.174292
3.62 29453.217556
3.64 29437.555228
3.66 29431.38346
3.68 29430.195056
3.7 29429.328857
3.72 29422.75264
3.74 29410.05028
3.76 29403.391194
3.78 29403.193591
3.8 29403.003389
3.82 29402.783192
3.84 29402.467056
3.86 29395.41337
3.88 29387.814904
3.9 29377.514147
3.92 29367.27754
3.94 29357.104568
3.96 29346.994165
3.98 29336.955946
4 29326.970635
4.02 29320.229239
4.04 29311.276967
4.06 29308.579874
4.08 29308.533237
4.1 29308.502511
4.12 29308.465323
4.14 29308.425737
4.16 29300.821522
4.18 29290.236195
4.2 29289.759635
4.22 29288.459423
4.24 29282.667157
4.26 29270.320264
4.28 29256.428207
4.3 29242.279355
4.32 29228.118277
4.34 29214.009496
4.36 29200.011552
4.38 29186.180613
4.4 29172.611524
4.42 29159.504206
4.44 29147.275089
4.46 29135.630803
4.48 29122.757654
4.5 29111.429781
4.52 29100.856075
4.54 29090.350893
4.56 29079.897561
4.58 29069.506173
4.6 29066.590478
4.62 29065.706186
4.64 29065.159531
4.66 29064.747211
4.68 29064.365893
4.7 29063.959187
4.72 29063.445848
4.74 29062.648584
4.76 29060.981017
4.78 29055.512487
4.8 29043.690179
4.82 29030.922395
4.84 29018.076127
4.86 29005.242881
4.88 28992.456852
4.9 28979.714335
4.92 28967.029942
4.94 28954.408154
4.96 28941.852378
4.98 28929.365576
5 28916.958285
5.02 28904.618456
5.04 28892.357854
5.06 28880.181819
5.08 28871.42243
5.1 28862.28646
5.12 28853.381602
5.14 28846.239185
5.16 28839.136557
5.18 28832.073412
5.2 28825.049458
5.22 28818.071912
5.24 28811.125358
5.26 28804.217151
5.28 28797.347013
5.3 28790.51467
5.32 28783.71985
5.34 28776.969669
5.36 28770.248961
5.38 28767.095171
5.4 28760.440321
5.42 28753.8217
5.44 28747.239048
5.46 28740.69938
5.48 28734.187776
5.5 28727.711382
5.52 28721.269949
5.54 28714.863229
5.56 28708.49826
5.58 28702.160105
5.6 28694.009516
5.62 28686.14146
5.64 28679.911472
5.66 28671.445238
5.68 28665.293348
5.7 28659.166942
5.72 28653.073083
5.74 28647.011545
5.76 28640.982102
5.78 28634.991716
5.8 28629.025678
5.82 28623.091076
5.84 28617.187691
5.86 28611.315308
5.88 28605.473711
5.9 28599.669739
5.92 28593.056614
5.94 28585.495427
5.96 28577.972411
5.98 28570.487392
6 28563.040142
6.02 28555.637403
6.04 28548.26491
6.06 28540.929655
6.08 28533.633782
6.1 28530.967037
6.12 28529.385442
6.14 28526.418464
6.16 28520.656683
6.18 28512.012048
6.2 28502.4315
6.22 28492.679789
6.24 28482.912901
6.26 28473.156814
6.28 28463.432963
6.3 28455.716175
6.32 28448.840335
9.2 38806.224825
9.22 38804.728298
9.24 38744.504832
9.26 38740.010799
9.28 38736.73474
9.3 38682.999781
9.32 38681.822024
9.34 38639.037225
9.36 38524.961272
9.38 38412.410017
9.4 38308.836392
9.42 38199.878466
9.44 38091.929501
9.46 37985.463113
9.48 37880.465439
9.5 37777.161465
9.52 37680.26023
9.54 37583.506803
9.56 37484.708665
9.58 37386.918873
9.6 37290.470262
9.62 37195.527495
9.64 37102.354713
9.66 37011.616481
9.68 36925.440021
9.7 36852.787127
9.72 36774.119356
9.74 36680.08207
9.76 36587.13797
9.78 36495.290209
9.8 36404.542171
9.82 36314.84321
9.84 36226.195881
9.86 36138.586015
9.88 36052.026265
9.9 35971.153255
9.92 35892.590489
9.94 35815.244147
9.96 35736.038995
9.98 35655.252533
10 35580.687439
10.02 35507.485245
10.04 35434.692733
10.06 35362.538987
10.08 35291.125863
10.1 35220.498687
10.12 35150.674031
10.14 35081.671578
10.16 35013.454773
10.18 34946.035463
10.2 34879.404783
10.22 34813.553627
10.24 34748.488598
10.26 34684.166696
10.28 34620.594845
10.3 34557.763798
10.32 34495.664717
10.34 34434.2912
10.36 34373.660198
10.38 34313.784676
10.4 34256.885783
10.42 34250.52281
10.44 34250.020624
10.46 34249.588859
10.48 34248.572484
10.5 34230.641907
10.52 34174.407894
10.54 34113.692712
10.56 34051.214576
10.58 33989.394358
10.6 33928.196807
10.62 33867.636695
10.64 33807.749899
10.66 33754.045565
10.68 33705.837175
10.7 33648.385586
10.72 33590.945797
10.74 33533.985732
10.76 33477.564259
10.78 33421.693501
10.8 33366.38919
10.82 33311.618682
10.84 33257.394326
10.86 33203.71565
10.88 33150.598821
10.9 33099.81767
10.92 33069.135736
10.94 33039.620095
10.96 33010.485919
10.98 32981.68422
11 32938.284103
11.02 32894.060504
11.04 32868.151495
11.06 32842.515437
11.08 32817.158767
11.1 32792.076775
11.12 32767.265008
11.14 32742.733065
11.16 32718.448373
11.18 32694.422571
11.2 32670.682232
11.22 32645.855386
11.24 32605.971923
11.26 32566.501398
11.28 32523.99752
11.3 32484.025906
11.32 32445.728381
11.34 32404.622506
11.36 32360.341175
11.38 32316.475801
11.4 32273.000439
11.42 32229.931679
11.44 32187.284137
11.46 32145.166484
11.48 32117.847839
11.5 32099.144515
11.52 32080.660189
11.54 32048.55872
11.56 32019.005129
11.58 31985.27978
11.6 31951.890267
11.62 31918.806444
11.64 31886.037691
11.66 31853.580156
11.68 31821.430044
11.7 31789.583621
11.72 31758.049755
11.74 31726.799349
11.76 31695.841762
11.78 31665.173477
11.8 31634.791025
11.82 31611.267711
11.84 31581.423125
11.86 31551.85442
11.88 31522.558322
11.9 31501.782378
11.92 31486.429066
11.94 31470.982317
11.96 31454.936109
11.98 31432.557161
12 31402.259093
12.02 31372.220759
12.04 31341.212505
12.06 31307.673538
12.08 31274.335611
12.1 31241.44114
12.12 31221.006662
12.14 31188.722508
12.16 31156.362018
12.18 31125.921591
12.2 31108.153774
12.22 31085.610904
12.24 31058.264579
12.26 31031.146774
12.28 31004.267166
12.3 30977.599752
12.32 30954.878122
12.34 30945.561713
12.36 30936.351571
12.38 30927.243857
12.4 30918.213249
12.42 30909.265264
12.44 30900.395232
12.46 30891.595605
12.48 30882.847785
12.5 30882.039936
12.52 30864.595992
12.54 30840.441635
12.56 30811.675739
12.58 30782.997739
12.6 30754.661204
12.62 30728.470841
12.64 30714.215024
12.66 30704.053675
12.68 30694.699941
12.7 30685.667818
12.72 30676.819458
12.74 30668.084021
12.76 30650.78319
12.78 30627.661305
12.8 30617.926868
12.82 30611.226552
12.84 30591.49083
12.86 30571.214914
12.88 30551.103167
12.9 30531.153872
12.92 30511.365333
12.94 30491.735874
12.96 30472.274525
12.98 30452.95802
13 30433.795704
13.02 30418.362086
13.04 30399.492864
13.06 30380.783872
13.08 30358.667289
13.1 30340.252104
13.12 30321.981917
13.14 30303.855188
13.16 30285.870456
13.18 30271.530256
13.2 30253.814887
13.22 30238.48538
13.24 30224.066985
13.26 30206.745347
13.28 30189.557464
13.3 30172.512241
13.32 30155.587622
13.34 30143.039133
13.36 30139.431007
13.38 30135.852096
13.4 30132.304371
13.42 30128.751202
13.44 30125.146072
13.46 30120.132025
13.48 30099.182827
13.5 30078.426388
13.52 30060.894641
13.54 30042.483592
13.56 30022.823773
13.58 30016.811246
13.6 30008.445863
13.62 29990.684715
13.64 29973.059749
13.66 29955.550066
13.68 29938.164762
13.7 29924.022888
13.72 29921.23387
13.74 29918.909447
13.76 29916.660998
13.78 29914.444603
13.8 29912.241573
13.82 29910.02831
