2.5 25459.781265
2.52 25459.789481
2.54 25459.787941
2.56 25459.786443
2.58 25459.784988
2.6 25459.783573
2.62 25459.7918
2.64 25459.790261
2.66 25459.788762
2.68 25459.787305
2.7 25459.785888
2.72 25459.78451
2.74 25459.792584
2.76 25459.791084
2.78 25459.789624
2.8 25459.788204
2.82 25459.786822
2.84 25459.785478
2.86 25459.793402
2.88 25459.79194
2.9 25459.790516
2.92 25459.78913
2.94 25459.787782
2.96 25459.795714
2.98 25459.794248
3 25459.792821
3.02 25459.79143
3.04 25459.790077
3.06 25459.788759
3.08 25459.796546
3.1 25459.795114
3.12 25459.793719
3.14 25459.792361
3.16 25459.791037
3.18 25459.789749
3.2 25459.797394
3.22 25459.795994
3.24 25459.79463
3.26 25459.793301
3.28 25459.792006
3.3 25459.799656
3.32 25459.798252
3.34 25459.796883
3.36 25459.795547
3.38 25459.794246
3.4 25459.792978
3.42 25459.800491
3.44 25459.799117
3.46 25459.797776
3.48 25459.796468
3.5 25459.795193
3.52 25459.793951
3.54 25459.801331
3.56 25459.799984
3.58 25459.79867
3.6 25459.797388
3.62 25459.796139
3.64 25459.803523
3.66 25459.80217
3.68 25459.80085
3.7 25459.799562
3.72 25459.798306
3.74 25459.79708
3.76 25459.804334
3.78 25459.803008
3.8 25459.801714
3.82 25459.80045
3.84 25459.799217
3.86 25459.798014
3.88 25459.805143
3.9 25459.803842
3.92 25459.802572
3.94 25459.801332
3.96 25459.800121
3.98 25459.807253
4 25459.805946
4.02 25459.80467
4.04 25459.803422
4.06 25459.802205
4.08 25459.801016
4.1 25459.808026
4.12 25459.806743
4.14 25459.805489
4.16 25459.804264
4.18 25459.803068
4.2 25459.810081
4.22 25459.808791
4.24 25459.807531
4.26 25459.8063
4.28 25459.805096
4.3 25459.80392
4.32 25459.810815
4.34 25459.809549
4.36 25459.808311
4.38 25459.8071
4.4 25459.805917
4.42 25459.804761
4.44 25459.811541
4.46 25459.810296
4.48 25459.809079
4.5 25459.807889
4.52 25459.806725
4.54 25459.813508
4.56 25459.812257
4.58 25459.811033
4.6 25459.809836
4.62 25459.808666
4.64 25459.807521
4.66 25459.814192
4.68 25459.812962
4.7 25459.811759
4.72 25459.810582
4.74 25459.80943
4.76 25459.808303
4.78 25459.814867
4.8 25459.813657
4.82 25459.812473
4.84 25459.811314
4.86 25459.810181
4.88 25459.816746
4.9 25459.81553
4.92 25459.81434
4.94 25459.813174
4.96 25459.812034
4.98 25459.810918
5 25459.817378
5.02 25459.816182
5.04 25459.81501
5.06 25459.813863
5.08 25459.81274
5.1 25459.811641
5.12 25459.818
5.14 25459.816822
5.16 25459.815668
5.18 25459.814539
5.2 25459.813432
5.22 25459.819793
5.24 25459.818609
5.26 25459.81745
5.28 25459.816313
5.3 25459.815201
5.32 25459.814111
5.34 25459.820373
5.36 25459.819207
5.38 25459.818065
5.4 25459.816946
5.42 25459.815849
5.44 25459.814775
5.46 25459.820941
5.48 25459.819793
5.5 25459.818668
5.52 25459.817565
5.54 25459.816484
5.56 25459.822652
5.58 25459.821498
5.6 25459.820367
5.62 25459.819258
5.64 25459.81817
5.66 25459.817105
5.68 25459.82318
5.7 25459.822043
5.72 25459.820928
5.74 25459.819835
5.76 25459.818763
5.78 25459.824839
5.8 25459.823696
5.82 25459.822576
5.84 25459.821477
5.86 25459.820399
5.88 25459.819342
5.9 25459.825328
5.92 25459.824202
5.94 25459.823097
5.96 25459.822013
5.98 25459.82095
6 25459.819908
6.02 25459.825806
6.04 25459.824696
6.06 25459.823606
6.08 25459.822538
6.1 25459.821489
6.12 25459.827388
6.14 25459.826273
6.16 25459.825178
6.18 25459.824104
6.2 25459.823049
6.22 25459.822015
6.24 25459.827828
6.26 25459.826728
6.28 25459.825649
6.3 25459.824589
6.32 25459.823549
6.34 26256.753966
6.36 26139.559367
6.38 26035.934842
6.4 25945.072876
6.42 25865.98423
6.44 25797.822025
6.46 25739.69081
6.48 25690.681538
6.5 25649.874571
6.52 25616.381845
6.54 25589.224865
6.56 25567.51207
6.58 25550.393431
6.6 25537.084609
6.62 25526.879099
6.64 25519.188852
6.66 25513.425479
6.68 25509.14699
6.7 25505.989745
6.72 25503.668339
6.74 25501.979327
6.76 25500.743949
6.78 25499.823524
6.8 25499.124577
6.82 25498.581711
6.84 25498.150927
6.86 25497.824239
6.88 25497.552117
6.9 25497.317336
6.92 25497.10841
6.94 25496.919287
6.96 25496.747026
6.98 25496.616016
7 25496.484468
7.02 25496.357856
7.04 25496.234858
7.06 25496.116047
7.08 25496.017032
7.1 25495.923645
7.12 25495.831032
7.14 25495.738259
7.16 25495.645423
7.18 25495.55384
7.2 25495.48359
7.22 25495.408863
7.24 25495.33262
7.26 25495.254633
7.28 25495.175402
7.3 25495.096322
7.32 25495.040168
7.34 25494.972462
7.36 25494.902139
7.38 25494.829321
7.4 25494.754646
7.42 25494.693081
7.44 25494.627952
7.46 25494.559691
7.48 25494.488042
7.5 25494.413287
7.52 25494.336056
7.54 25494.274208
7.56 25494.202525
7.58 25494.126633
7.6 25494.046418
7.62 25493.962164
7.64 25493.884559
7.66 25493.802815
7.68 25493.715711
7.7 25493.622754
7.72 25493.523785
7.74 25493.418908
7.76 25493.321705
7.78 25493.212828
7.8 25493.095589
7.82 25492.969286
7.84 25492.833411
7.86 25492.687504
7.88 25492.547289
7.9 25492.385612
7.92 25492.209422
7.94 25492.017317
7.96 25491.807931
7.98 25491.592083
8 25491.349625
8.02 25491.083053
8.04 25490.789968
8.06 25490.4681
8.08 25490.115366
8.1 25489.746089
8.12 25489.330325
8.14 25488.877506
8.16 25488.387242
8.18 25487.860229
8.2 25487.298284
8.22 25486.724004
8.24 25486.103339
8.26 25485.457539
8.28 25484.791581
8.3 25484.110653
8.32 25483.440623
8.34 25482.745471
8.36 25482.04887
8.38 25481.354656
8.4 25480.666161
8.42 25479.986191
8.44 25479.339021
8.46 25478.682233
8.48 25478.039258
8.5 25477.411217
8.52 25476.798954
8.54 25476.203073
8.56 25475.645796
8.58 25475.082973
8.6 25474.537092
8.62 25474.00813
8.64 25473.495977
8.66 25473.022462
8.68 25472.542521
8.7 25472.078611
8.72 25471.630399
8.74 25471.197533
8.76 25470.779641
8.78 25470.397663
8.8 25470.007685
8.82 25469.631474
8.84 25469.268619
8.86 25468.918717
8.88 25468.581367
8.9 25468.276721
8.92 25467.962412
8.94 25467.659475
8.96 25467.367528
8.98 25467.086202
9 25466.835764
9.02 25466.573743
9.04 25466.321293
9.06 25466.078079
9.08 25465.843776
9.1 25465.61807
9.12 25465.420498
9.14 25465.210244
9.16 25465.007713
9.18 25464.812626
9.2 25464.624715
9.22 25464.463628
9.24 25464.288484
9.26 25464.119782
9.28 25463.957288
9.3 25463.800774
9.32 25463.650025
9.34 25463.523979
9.36 25463.38335
9.38 25463.247894
9.4 25463.117421
9.42 25462.991748
9.44 25462.870702
9.46 25462.772546
9.48 25462.659502
9.5 25462.550611
9.52 25462.445722
9.54 25462.344688
9.56 25462.265856
9.58 25462.171385
9.6 25462.08038
9.62 25461.992713
9.64 25461.908263
9.66 25461.826913
9.68 25461.766364
9.7 25461.690183
9.72 25461.616791
9.74 25461.546088
9.76 25461.477975
9.78 25461.412358
9.8 25461.366328
9.82 25461.304774
9.84 25461.24547
9.86 25461.188336
9.88 25461.133291
9.9 25461.097491
9.92 25461.045758
9.94 25460.995913
9.96 25460.947888
9.98 25460.901616
10 25460.857036
10.02 25460.830723
10.04 25460.788731
10.06 25460.748269
10.08 25460.709283
10.1 25460.67172
10.12 25460.635528
10.14 25460.616737
10.16 25460.58256
10.18 25460.549627
10.2 25460.517894
10.22 25460.487319
10.24 25460.473981
10.26 25460.445028
10.28 25460.417128
10.3 25460.390243
10.32 25460.364337
10.34 25460.339377
10.36 25460.330925
10.38 25460.307211
10.4 25460.28436
10.42 25460.262339
10.44 25460.241121
10.46 25460.236311
10.48 25460.216083
10.5 25460.196589
10.52 25460.177802
10.54 25460.1597
10.56 25460.142257
10.58 25460.140593
10.6 25460.123895
10.62 25460.107803
10.64 25460.092295
10.66 25460.077351
10.68 25460.062953
10.7 25460.063758
10.72 25460.04991
10.74 25460.036564
10.76 25460.023703
10.78 25460.011311
10.8 25460.014082
10.82 25460.002105
10.84 25459.990561
10.86 25459.979436
10.88 25459.968715
10.9 25459.958386
10.92 25459.962706
10.94 25459.952665
10.96 25459.942988
10.98 25459.933661
11 25459.924673
11.02 25459.916013
11.04 25459.921528
11.06 25459.913058
11.08 25459.904893
11.1 25459.897025
11.12 25459.889442
11.14 25459.896025
11.16 25459.888562
11.18 25459.881368
11.2 25459.874432
11.22 25459.867748
11.24 25459.861307
11.26 25459.868598
11.28 25459.862213
11.3 25459.856057
11.32 25459.850122
11.34 25459.844402
11.36 25459.83889
11.38 25459.846703
11.4 25459.841197
11.42 25459.835888
11.44 25459.830769
11.46 25459.825835
11.48 25459.834233
11.5 25459.82927
11.52 25459.824482
11.54 25459.819865
11.56 25459.815414
11.58 25459.811122
11.6 25459.819786
11.62 25459.815435
11.64 25459.811236
11.66 25459.807187
11.68 25459.803282
11.7 25459.799517
11.72 25459.808353
11.74 25459.804504
11.76 25459.80079
11.78 25459.797207
11.8 25459.793752
11.82 25459.80291
11.84 25459.799353
11.86 25459.795918
11.88 25459.792604
11.9 25459.789406
11.92 25459.786321
11.94 25459.795518
11.96 25459.792317
11.98 25459.789226
12 25459.786243
12.02 25459.783364
12.04 25459.780586
12.06 25459.789773
12.08 25459.786869
12.1 25459.784065
12.12 25459.781357
12.14 25459.778742
12.16 25459.78811
12.18 25459.785361
12.2 25459.782706
12.22 25459.78014
12.24 25459.777662
12.26 25459.775269
12.28 25459.78456
12.3 25459.782028
12.32 25459.77958
12.34 25459.777215
12.36 25459.774929
12.38 25459.784344
12.4 25459.781915
12.42 25459.779566
12.44 25459.777294
12.46 25459.775098
12.48 25459.772976
12.5 25459.782271
12.52 25459.780004
12.54 25459.77781
12.56 25459.775688
12.58 25459.773635
12.6 25459.771651
12.62 25459.780816
12.64 25459.778686
12.66 25459.776625
12.68 25459.77463
12.7 25459.772701
12.72 25459.781936
12.74 25459.77986
12.76 25459.777849
12.78 25459.775902
12.8 25459.774018
12.82 25459.772194
12.84 25459.781279
12.86 25459.779309
12.88 25459.777401
12.9 25459.775554
12.92 25459.773764
12.94 25459.772032
12.96 25459.780963
12.98 25459.779087
13 25459.777269
13.02 25459.775507
13.04 25459.773801
13.06 25459.782774
13.08 25459.780924
13.1 25459.77913
13.12 25459.777391
13.14 25459.775705
13.16 25459.774072
13.18 25459.782883
13.2 25459.781108
13.22 25459.779387
13.24 25459.777718
13.26 25459.776099
13.28 25459.77453
13.3 25459.783181
13.32 25459.781474
13.34 25459.779818
13.36 25459.778211
13.38 25459.776652
13.4 25459.785328
13.42 25459.783632
13.44 25459.781986
13.46 25459.780387
13.48 25459.778836
13.5 25459.777331
13.52 25459.785846
13.54 25459.784207
13.56 25459.782614
13.58 25459.781068
13.6 25459.779567
13.62 25459.778111
13.64 25459.786467
13.66 25459.784879
13.68 25459.783337
13.7 25459.781838
13.72 25459.780383
13.74 25459.788756
13.76 25459.787171
13.78 25459.78563
13.8 25459.784133
13.82 25459.782678
