2.5 30148.670324
2.52 30144.972678
2.54 30141.535957
2.56 30125.419895
2.58 30107.765753
2.6 30090.232832
2.62 30072.829926
2.64 30058.52706
2.66 30054.266423
2.68 30050.045981
2.7 30045.831145
2.72 30041.570854
2.74 30037.152827
2.76 30032.137753
2.78 30024.527238
2.8 30018.406659
2.82 30000.745449
2.84 29980.923912
2.86 29961.196766
2.88 29942.73866
2.9 29936.574801
2.92 29934.178626
2.94 29931.977513
2.96 29929.842179
2.98 29924.152327
3 29910.337402
3.02 29899.672247
3.04 29886.036901
3.06 29872.494018
3.08 29859.051919
3.1 29850.285608
3.12 29837.003111
3.14 29823.809794
3.16 29810.704436
3.18 29797.705078
3.2 29787.040551
3.22 29785.452393
3.24 29773.39279
3.26 29756.300896
3.28 29739.24352
3.3 29728.057772
3.32 29717.022413
3.34 29713.341837
3.36 29710.750064
3.38 29708.416765
3.4 29706.184202
3.42 29704.00586
3.44 29701.833636
3.46 29699.64494
3.48 29697.382518
3.5 29694.877898
3.52 29691.294589
3.54 29682.143238
3.56 29674.197591
3.58 29659.251846
3.6 29642.948939
3.62 29637.77683
3.64 29630.065669
3.66 29622.077351
3.68 29620.24311
3.7 29618.51012
3.72 29613.499392
3.74 29604.197318
3.76 29593.544473
3.78 29582.25679
3.8 29575.287296
3.82 29564.130735
3.84 29559.202508
3.86 29559.052082
3.88 29558.871279
3.9 29556.034438
3.92 29546.458553
3.94 29545.652728
3.96 29545.536197
3.98 29545.459754
4 29544.878202
4.02 29540.546654
4.04 29540.51661
4.06 29540.475522
4.08 29540.272471
4.1 29538.66589
4.12 29533.938374
4.14 29522.48973
4.16 29508.122647
4.18 29495.566647
4.2 29484.557642
4.22 29469.360452
4.24 29454.499014
4.26 29449.1899
4.28 29448.002556
4.3 29440.53159
4.32 29430.469303
4.34 29420.45882
4.36 29410.717654
4.38 29403.401174
4.4 29397.410071
4.42 29387.62028
4.44 29379.13561
4.46 29378.702197
4.48 29378.246571
4.5 29377.720054
4.52 29372.085928
4.54 29360.568214
4.56 29351.815467
4.58 29345.606202
4.6 29334.956253
4.62 29325.27878
4.64 29318.395517
4.66 29318.123513
4.68 29317.988961
4.7 29317.887267
4.72 29317.796964
4.74 29317.709584
4.76 29317.618638
4.78 29317.521331
4.8 29317.369918
4.82 29316.947409
4.84 29309.573941
4.86 29300.519273
4.88 29291.523705
4.9 29282.571228
4.92 29273.669355
4.94 29264.817711
4.96 29256.015923
4.98 29247.263623
5 29238.568049
5.02 29229.913323
5.04 29219.847547
5.06 29209.418631
5.08 29199.046045
5.1 29188.729457
5.12 29178.475986
5.14 29168.270146
5.16 29158.119199
5.18 29148.022826
5.2 29137.981006
5.22 29129.281571
5.24 29128.541016
5.26 29127.658505
5.28 29121.698019
5.3 29113.689931
5.32 29105.725582
5.34 29097.812043
5.36 29089.934109
5.38 29082.098986
5.4 29074.30637
5.42 29066.459433
5.44 29056.596169
5.46 29046.739643
5.48 29035.387911
5.5 29023.546805
5.52 29011.552381
5.54 28999.517791
5.56 28987.496613
5.58 28975.496241
5.6 28963.53579
5.62 28951.622036
5.64 28939.75917
5.66 28927.949965
5.68 28916.203564
5.7 28904.507119
5.72 28894.717107
5.74 28886.001819
5.76 28877.331203
5.78 28868.712128
5.8 28860.129806
5.82 28851.591251
5.84 28843.096171
5.86 28834.64428
5.88 28826.235294
5.9 28817.876012
5.92 28809.551892
5.94 28801.269871
5.96 28793.029729
5.98 28784.83138
6 28776.67594
6.02 28771.15483
6.04 28770.111723
6.06 28769.064759
6.08 28767.879565
6.1 28766.364946
6.12 28764.184928
6.14 28760.730349
6.16 28755.310678
6.18 28747.857866
6.2 28739.034478
6.22 28729.485159
6.24 28719.580553
6.26 28709.488368
6.28 28699.307947
6.3 28689.089439
6.32 28678.86177
9.5 38820.218451
9.52 38816.721156
9.54 38815.324384
9.56 38770.754514
9.58 38719.183386
9.6 38631.278319
9.62 38520.290403
9.64 38410.65627
9.66 38348.738414
9.68 38348.22256
9.7 38347.939381
9.72 38285.58917
9.74 38185.630661
9.76 38086.839535
9.78 37989.207287
9.8 37892.736993
9.82 37797.380471
9.84 37703.5259
9.86 37699.767591
9.88 37697.579632
9.9 37646.540984
9.92 37549.396562
9.94 37453.340314
9.96 37358.369575
9.98 37264.469958
10 37171.626451
10.02 37079.84095
10.04 36989.065575
10.06 36899.30644
10.08 36810.576666
10.1 36741.205091
10.12 36656.581891
10.14 36570.771222
10.16 36485.79668
10.18 36401.72904
10.2 36318.569629
10.22 36236.311133
10.24 36154.959821
10.26 36074.473285
10.28 35994.85852
10.3 35916.108926
10.32 35838.223573
10.34 35761.225066
10.36 35685.310743
10.38 35623.289035
10.4 35609.249299
10.42 35570.411982
10.44 35507.825325
10.46 35441.036962
10.48 35374.517442
10.5 35308.663423
10.52 35243.51701
10.54 35179.082465
10.56 35115.354587
10.58 35052.341059
10.6 34990.002228
10.62 34928.344946
10.64 34867.3601
10.66 34807.038666
10.68 34747.371594
10.7 34688.36475
10.72 34629.979253
10.74 34572.221753
10.76 34515.083741
10.78 34458.556916
10.8 34402.648108
10.82 34347.319964
10.84 34292.585504
10.86 34241.831482
10.88 34189.600482
10.9 34136.651379
10.92 34084.213093
10.94 34032.291469
10.96 33980.903347
10.98 33930.044774
11 33879.710059
11.02 33829.893113
11.04 33780.601408
11.06 33731.800106
11.08 33683.497182
11.1 33635.686235
11.12 33588.36091
11.14 33541.529001
11.16 33495.15586
11.18 33449.249866
11.2 33403.805023
11.22 33358.815422
11.24 33314.275234
11.26 33270.192343
11.28 33226.533465
11.3 33183.307078
11.32 33140.507703
11.34 33098.129945
11.36 33054.201695
11.38 33009.94951
11.4 32968.818814
11.42 32926.928006
11.44 32880.11376
11.46 32833.743305
11.48 32787.846927
11.5 32742.464748
11.52 32698.042513
11.54 32667.056747
11.56 32653.806013
11.58 32616.1091
11.6 32578.783344
11.62 32541.798331
11.64 32505.163043
11.66 32468.87323
11.68 32432.924699
11.7 32397.313323
11.72 32366.483289
11.74 32331.519236
11.76 32296.880336
11.78 32262.562695
11.8 32228.562479
11.82 32194.888493
11.84 32161.511474
11.86 32128.44071
11.88 32095.672582
11.9 32063.203525
11.92 32031.030024
11.94 31999.160873
11.96 31967.56779
11.98 31936.260028
12 31905.234269
12.02 31880.958347
12.04 31850.46452
12.06 31820.255108
12.08 31790.302752
12.1 31768.170734
12.12 31751.538847
12.14 31734.270497
12.16 31712.750843
12.18 31681.512924
12.2 31647.324516
12.22 31612.853806
12.24 31578.512529
12.26 31544.414159
12.28 31510.635315
12.3 31485.758352
12.32 31456.291334
12.34 31424.105204
12.36 31397.617682
12.38 31371.36913
12.4 31352.835376
12.42 31330.752062
12.44 31302.879762
12.46 31275.233322
12.48 31247.810991
12.5 31220.622351
12.52 31193.74404
12.54 31174.427228
12.56 31164.171752
12.58 31154.013546
12.6 31143.947715
12.62 31133.979286
12.64 31124.0875
12.66 31114.275986
12.68 31104.53363
12.7 31094.820672
12.72 31082.354226
12.74 31053.2692
12.76 31024.338155
12.78 30995.906214
12.8 30968.680662
12.82 30945.438227
12.84 30920.191495
12.86 30892.409458
12.88 30882.207788
12.9 30882.159585
12.92 30882.144906
12.94 30882.13571
12.96 30872.754982
12.98 30856.681929
13 30833.20854
13.02 30810.728809
13.04 30803.177953
13.06 30795.691391
13.08 30784.771031
13.1 30764.161675
13.12 30743.713503
13.14 30723.424886
13.16 30703.294214
13.18 30683.330366
13.2 30663.510566
13.22 30639.197935
13.24 30618.220171
13.26 30600.198932
13.28 30585.748573
13.3 30566.690078
13.32 30547.766853
13.34 30528.987949
13.36 30510.351943
13.38 30491.857425
13.4 30473.513271
13.42 30455.297329
13.44 30437.218755
13.46 30422.693503
13.48 30404.876067
13.5 30392.366125
13.52 30374.809506
13.54 30357.373544
13.56 30340.067264
13.58 30322.889413
13.6 30305.838755
13.62 30288.914068
13.64 30279.58028
13.66 30275.387894
13.68 30271.197046
13.7 30266.92018
13.72 30257.340821
13.74 30236.290758
13.76 30217.556941
13.78 30199.98206
13.8 30178.598571
13.82 30157.825786
