2.5 30289.48515
2.52 30273.138475
2.54 30256.898977
2.56 30240.775563
2.58 30224.767155
2.6 30213.782656
2.62 30197.997368
2.64 30180.80904
2.66 30162.281792
2.68 30146.422576
2.7 30131.081823
2.72 30115.84907
2.74 30105.550297
2.76 30090.517061
2.78 30075.588767
2.8 30060.764461
2.82 30046.043201
2.84 30031.424056
2.86 30016.915401
2.88 30012.348744
2.9 30008.789854
2.92 30004.259872
2.94 30000.465911
2.96 29996.579003
2.98 29992.47485
3 29987.64164
3.02 29979.269287
3.04 29963.630984
3.06 29945.385121
3.08 29926.88187
3.1 29913.765959
3.12 29897.957132
3.14 29886.514138
3.16 29882.108209
3.18 29878.631615
3.2 29875.421915
3.22 29872.313051
3.24 29869.257587
3.26 29866.222804
3.28 29863.175271
3.3 29860.063826
3.32 29856.706393
3.34 29845.067156
3.36 29831.312003
3.38 29819.322211
3.4 29806.575639
3.42 29793.223621
3.44 29777.821317
3.46 29768.840594
3.48 29756.422317
3.5 29744.084428
3.52 29731.826249
3.54 29719.655761
3.56 29710.436256
3.58 29698.406098
3.6 29687.044847
3.62 29678.917587
3.64 29673.153441
3.66 29672.42998
3.68 29671.712493
3.7 29670.995378
3.72 29670.267908
3.74 29669.482282
3.76 29664.819961
3.78 29650.887056
3.8 29635.330929
3.82 29626.711772
3.84 29612.15188
3.86 29607.709618
3.88 29605.667397
3.9 29603.948187
3.92 29601.135436
3.94 29600.563244
3.96 29599.152695
3.98 29597.613713
4 29596.003329
4.02 29588.077682
4.04 29577.115074
4.06 29568.957523
4.08 29558.122291
4.1 29551.494465
4.12 29543.381846
4.14 29539.405557
4.16 29537.500103
4.18 29536.093402
4.2 29534.834914
4.22 29533.622814
4.24 29532.431996
4.26 29528.073401
4.28 29515.653757
4.3 29503.305641
4.32 29491.037145
4.34 29483.968866
4.36 29482.875092
4.38 29481.405228
4.4 29477.205242
4.42 29465.277358
4.44 29451.815523
4.46 29442.683147
4.48 29429.568284
4.5 29415.980618
4.52 29407.994393
4.54 29406.775517
4.56 29406.095343
4.58 29405.518762
4.6 29404.98378
4.62 29404.470658
4.64 29403.014802
4.66 29396.012443
4.68 29386.472377
4.7 29376.987274
4.72 29371.439608
4.74 29362.054615
4.76 29352.723388
4.78 29348.672472
4.8 29339.361439
4.82 29331.642524
4.84 29319.101328
4.86 29316.300954
4.88 29308.199268
4.9 29308.136524
4.92 29308.098609
4.94 29308.068692
4.96 29308.041102
4.98 29308.012168
5 29307.984429
5.02 29307.928895
5.04 29307.77691
5.06 29304.59561
5.08 29295.031394
5.1 29284.303014
5.12 29270.909812
5.14 29257.451814
5.16 29244.038861
5.18 29230.689944
5.2 29217.413344
5.22 29204.223486
5.24 29191.114923
5.26 29178.114522
5.28 29165.274239
5.3 29152.806853
5.32 29142.046117
5.34 29135.910883
5.36 29133.087155
5.38 29131.587335
5.4 29130.606154
5.42 29129.836318
5.44 29129.129511
5.46 29128.383587
5.48 29123.310895
5.5 29113.623653
5.52 29103.985688
5.54 29094.397715
5.56 29084.866797
5.58 29075.377971
5.6 29065.938792
5.62 29062.166613
5.64 29059.695274
5.66 29051.796167
5.68 29040.258913
5.7 29028.389982
5.72 29016.489754
5.74 29004.608455
5.76 28992.76367
5.78 28983.15104
5.8 28974.184566
5.82 28964.161568
5.84 28952.466388
5.86 28940.82014
5.88 28929.225501
5.9 28917.691425
5.92 28906.205129
5.94 28894.775129
5.96 28883.402845
5.98 28872.09024
6 28864.556898
6.02 28857.939881
6.04 28851.349882
6.06 28844.79374
6.08 28838.271225
6.1 28831.782108
6.12 28825.333147
6.14 28818.910038
6.16 28812.519654
6.18 28806.161768
6.2 28799.836137
6.22 28793.542454
6.24 28787.286336
6.26 28779.989043
6.28 28772.045199
6.3 28768.354084
6.32 28762.556291
9.56 38857.400029
9.58 38813.250722
9.6 38811.730824
9.62 38803.628425
9.64 38782.735575
9.66 38781.880957
9.68 38765.399279
9.7 38682.656592
9.72 38573.508983
9.74 38465.636355
9.76 38363.464175
9.78 38277.113979
9.8 38172.471554
9.82 38069.426535
9.84 37967.588124
9.86 37867.791382
9.88 37774.208795
9.9 37708.549089
9.92 37702.36083
9.94 37701.307977
9.96 37700.640373
9.98 37624.832648
10 37534.874517
10.02 37445.943718
10.04 37357.997056
10.06 37271.039885
10.08 37185.060556
10.1 37100.050586
10.12 37016.007842
10.14 36932.97275
10.16 36851.124583
10.18 36788.862464
10.2 36779.781584
10.22 36735.586953
10.24 36650.725058
10.26 36566.71099
10.28 36483.592137
10.3 36401.360401
10.32 36320.004719
10.34 36239.513621
10.36 36159.891341
10.38 36081.094663
10.4 36003.12882
10.42 35925.983243
10.44 35849.648051
10.46 35774.131306
10.48 35699.405251
10.5 35626.729993
10.52 35570.612251
10.54 35498.505832
10.56 35426.826939
10.58 35355.83756
10.6 35285.537163
10.62 35215.944168
10.64 35147.054063
10.66 35078.860369
10.68 35011.355294
10.7 34944.545784
10.72 34878.395
10.74 34813.04402
10.76 34753.034073
10.78 34693.825477
10.8 34635.232683
10.82 34577.218684
10.84 34519.795008
10.86 34462.962173
10.88 34406.731944
10.9 34351.157419
10.92 34296.58367
10.94 34254.24241
10.96 34250.847718
10.98 34250.202802
11 34249.321369
11.02 34220.348367
11.04 34168.445398
11.06 34117.041784
11.08 34066.159581
11.1 34015.793594
11.12 33965.937536
11.14 33916.598975
11.16 33867.743012
11.18 33819.377737
11.2 33771.496858
11.22 33724.094171
11.24 33677.163561
11.26 33630.712608
11.28 33584.707754
11.3 33539.157197
11.32 33494.055187
11.34 33449.396059
11.36 33405.174236
11.38 33361.397444
11.4 33318.033429
11.42 33270.554393
11.44 33221.648354
11.46 33173.183654
11.48 33125.168337
11.5 33077.57038
11.52 33030.39846
11.54 32983.647724
11.56 32937.313494
11.58 32891.391354
11.6 32845.890253
11.62 32800.781173
11.64 32756.077959
11.66 32711.798871
11.68 32668.460592
11.7 32637.392441
11.72 32595.183162
11.74 32552.57213
11.76 32510.196653
11.78 32468.141203
11.8 32426.42729
11.82 32385.073641
11.84 32344.055727
11.86 32303.385549
11.88 32263.061831
11.9 32223.086914
11.92 32183.995962
11.94 32165.552758
11.96 32148.026855
11.98 32130.674391
12 32113.487935
12.02 32096.464382
12.04 32079.601352
12.06 32062.906996
12.08 32046.358533
12.1 32029.96411
12.12 32001.330357
12.14 31970.58402
12.16 31940.12007
12.18 31909.911146
12.2 31879.966548
12.22 31850.283295
12.24 31820.858449
12.26 31791.689112
12.28 31762.784112
12.3 31734.116944
12.32 31705.69684
12.34 31677.521058
12.36 31649.586895
12.38 31622.330548
12.4 31594.444193
12.42 31567.218718
12.44 31537.256946
12.46 31506.499073
12.48 31486.919223
12.5 31460.61481
12.52 31434.519909
12.54 31408.64386
12.56 31382.984293
12.58 31357.538865
12.6 31332.305266
12.62 31307.29237
12.64 31284.782474
12.66 31257.99159
12.68 31233.454402
12.7 31209.245999
12.72 31185.247387
12.74 31161.433769
12.76 31137.814539
12.78 31118.163851
12.8 31094.915719
12.82 31071.855942
12.84 31048.993471
12.86 31026.304216
12.88 31009.47362
12.9 30987.129874
12.92 30964.964949
12.94 30942.976992
12.96 30921.174856
12.98 30899.535104
13 30882.118826
13.02 30882.095844
13.04 30877.530883
13.06 30851.357596
13.08 30827.782649
13.1 30806.05803
13.12 30780.537931
13.14 30767.118893
13.16 30759.660897
13.18 30752.487903
13.2 30745.40819
13.22 30738.401781
13.24 30731.458616
13.26 30724.573195
13.28 30717.740646
13.3 30710.962555
13.32 30695.357241
13.34 30673.662016
13.36 30652.124917
13.38 30630.74459
13.4 30609.529855
13.42 30588.458489
13.44 30567.539591
13.46 30546.771846
13.48 30533.410738
13.5 30522.548799
13.52 30500.911985
13.54 30477.220362
13.56 30453.479569
13.58 30429.900807
13.6 30406.703419
13.62 30388.357764
13.64 30382.487998
13.66 30377.630792
13.68 30372.911772
13.7 30368.258664
13.72 30363.652908
13.74 30359.095763
13.76 30352.798257
13.78 30335.970952
13.8 30319.265259
13.82 30302.680039
