2.5 30474.610338
2.52 30457.386242
2.54 30440.275308
2.56 30425.338319
2.58 30409.681474
2.6 30392.924486
2.62 30376.295888
2.64 30364.702235
2.66 30348.284492
2.68 30331.982291
2.7 30315.794574
2.72 30297.5184
2.74 30283.767843
2.76 30264.454873
2.78 30247.342163
2.8 30231.72417
2.82 30219.189481
2.84 30205.608307
2.86 30190.30892
2.88 30175.105522
2.9 30168.717582
2.92 30165.38536
2.94 30162.090443
2.96 30149.34182
2.98 30132.385706
3 30115.540847
3.02 30098.806371
3.04 30082.18151
3.06 30068.698319
3.08 30064.568392
3.1 30060.332703
3.12 30055.910251
3.14 30052.398366
3.16 30046.177747
3.18 30028.289975
3.2 30009.112126
3.22 29990.015811
3.24 29972.311921
3.26 29966.768877
3.28 29964.349952
3.3 29962.11385
3.32 29959.921262
3.34 29957.757039
3.36 29955.611915
3.38 29953.479582
3.4 29951.351561
3.42 29949.215509
3.44 29937.16313
3.46 29921.953435
3.48 29908.731794
3.5 29897.073068
3.52 29880.66649
3.54 29871.209886
3.56 29854.235683
3.58 29836.723155
3.6 29824.2659
3.62 29820.142101
3.64 29811.708766
3.66 29800.360749
3.68 29788.086113
3.7 29775.889214
3.72 29763.769409
3.74 29755.113286
3.76 29744.071015
3.78 29732.807089
3.8 29730.599687
3.82 29728.391442
3.84 29726.143003
3.86 29723.761088
3.88 29720.899594
3.9 29715.326615
3.92 29702.871315
3.94 29695.268204
3.96 29679.245791
3.98 29664.355651
4 29661.629702
4.02 29660.878279
4.04 29660.217798
4.06 29656.338616
4.08 29645.381865
4.1 29643.656472
4.12 29641.927482
4.14 29640.170779
4.16 29638.31846
4.18 29636.133228
4.2 29628.859391
4.22 29620.647239
4.24 29607.083064
4.26 29596.292787
4.28 29585.567094
4.3 29577.589948
4.32 29571.056006
4.34 29560.505554
4.36 29556.37512
4.38 29556.251535
4.4 29556.135216
4.42 29556.021581
4.44 29555.916094
4.46 29548.711634
4.48 29544.24389
4.5 29544.161735
4.52 29543.941404
4.54 29538.225883
4.56 29524.467854
4.58 29516.950825
4.6 29515.257769
4.62 29514.035074
4.64 29512.935583
4.66 29511.891523
4.68 29510.857196
4.7 29501.85247
4.72 29491.945473
4.74 29482.095254
4.76 29472.301388
4.78 29465.136071
4.8 29455.447977
4.82 29445.815008
4.84 29436.236753
4.86 29429.070307
4.88 29421.095869
4.9 29411.670797
4.92 29402.298883
4.94 29393.576309
4.96 29383.712996
4.98 29374.498111
5 29370.762165
5.02 29360.889752
5.04 29349.939314
5.06 29347.944353
5.08 29347.682159
5.1 29347.437488
5.12 29347.20451
5.14 29346.957068
5.16 29346.683807
5.18 29346.324893
5.2 29345.462589
5.22 29338.797247
5.24 29330.21813
5.26 29319.531668
5.28 29316.736904
5.3 29316.567803
5.32 29316.47107
5.34 29316.40159
5.36 29308.045782
5.38 29307.914004
5.4 29301.072253
5.42 29292.514252
5.44 29286.412734
5.46 29277.948968
5.48 29269.523286
5.5 29261.142766
5.52 29252.807091
5.54 29244.515948
5.56 29236.276306
5.58 29228.073169
5.6 29219.913637
5.62 29211.797402
5.64 29202.122191
5.66 29193.3365
5.68 29183.810232
5.7 29171.352757
5.72 29159.102289
5.74 29147.507675
5.76 29138.824608
5.78 29134.491622
5.8 29132.388437
5.82 29130.645482
5.84 29122.990677
5.86 29115.375718
5.88 29107.800334
5.9 29100.271332
5.92 29092.774175
5.94 29085.315795
5.96 29077.895927
5.98 29070.514312
6 29064.132446
6.02 29058.146336
6.04 29050.873387
6.06 29043.637686
6.08 29036.438984
6.1 29029.277034
6.12 29022.158573
6.14 29015.069278
6.16 29008.016003
6.18 29000.998507
6.2 28992.897291
6.22 28984.839101
6.24 28976.666481
6.26 28965.343233
6.28 28954.061824
6.3 28942.825883
6.32 28931.637813
9.8 38773.413472
9.82 38725.755684
9.84 38724.980941
9.86 38724.493691
9.88 38682.374153
9.9 38682.032696
9.92 38681.095804
9.94 38615.117917
9.96 38511.606895
9.98 38409.261378
10 38330.608079
10.02 38230.229885
10.04 38131.172092
10.06 38033.205909
10.08 37936.325673
10.1 37840.529084
10.12 37745.902634
10.14 37694.670445
10.16 37625.947109
10.18 37538.543993
10.2 37452.125491
10.22 37366.701973
10.24 37282.278907
10.26 37198.810318
10.28 37116.300103
10.3 37034.736189
10.32 36954.10768
10.34 36874.406968
10.36 36795.650883
10.38 36717.84047
10.4 36641.188541
10.42 36566.198321
10.44 36492.048103
10.46 36418.320221
10.48 36345.138194
10.5 36272.624362
10.52 36200.831349
10.54 36129.785473
10.56 36059.501179
10.58 35990.00448
10.6 35921.277702
10.62 35853.361445
10.64 35786.304893
10.66 35720.229876
10.68 35655.32659
10.7 35591.465859
10.72 35527.917224
10.74 35464.602478
10.76 35401.709786
10.78 35339.356305
10.8 35277.601352
10.82 35216.435613
10.84 35155.882091
10.86 35095.94191
10.88 35036.61221
10.9 34977.889803
10.92 34919.783063
10.94 34862.256679
10.96 34805.319086
10.98 34748.96364
11 34693.183487
11.02 34637.97221
11.04 34583.337066
11.06 34529.243458
11.08 34475.700296
11.1 34422.703796
11.12 34370.25556
11.14 34318.396728
11.16 34267.535828
11.18 34250.14259
11.2 34231.076193
11.22 34174.61549
11.24 34118.61765
11.26 34063.147748
11.28 34008.176166
11.3 33953.711802
11.32 33899.748941
11.34 33846.281735
11.36 33793.304326
11.38 33740.824091
11.4 33688.808459
11.42 33642.597543
11.44 33597.795369
11.46 33551.47803
11.48 33502.23723
11.5 33458.736041
11.52 33415.649625
11.54 33372.972926
11.56 33330.700959
11.58 33288.828813
11.6 33247.36453
11.62 33206.27718
11.64 33165.575338
11.66 33125.254371
11.68 33085.309708
11.7 33045.736845
11.72 33006.543889
11.74 32967.701
11.76 32929.216793
11.78 32891.087016
11.8 32853.307482
11.82 32815.88665
11.84 32778.794919
11.86 32742.041273
11.88 32705.621919
11.9 32669.537508
11.92 32640.479152
11.94 32605.02859
11.96 32569.883463
11.98 32535.053385
12 32500.534815
12.02 32466.32419
12.04 32432.417983
12.06 32398.824653
12.08 32365.51653
12.1 32332.50251
12.12 32299.779246
12.14 32267.343437
12.16 32235.203807
12.18 32203.332848
12.2 32171.739715
12.22 32140.421282
12.24 32109.374468
12.26 32078.596235
12.28 32048.095268
12.3 32017.844923
12.32 31987.854297
12.34 31958.120511
12.36 31928.640731
12.38 31899.423872
12.4 31870.44343
12.42 31840.769072
12.44 31807.068687
12.46 31778.837555
12.48 31750.640558
12.5 31723.09717
12.52 31695.571049
12.54 31668.274972
12.56 31641.20646
12.58 31614.363064
12.6 31587.742362
12.62 31561.353111
12.64 31535.170277
12.66 31509.202576
12.68 31483.027114
12.7 31455.368069
12.72 31428.741007
12.74 31403.625412
12.76 31382.535832
12.78 31357.815416
12.8 31333.295234
12.82 31308.973179
12.84 31284.858103
12.86 31260.925819
12.88 31237.228637
12.9 31219.348401
12.92 31195.968408
12.94 31172.774574
12.96 31149.775657
12.98 31126.948126
13 31109.183118
13.02 31099.963922
13.04 31090.800554
13.06 31081.644832
13.08 31066.542667
13.1 31038.740975
13.12 31011.107001
13.14 30983.822141
13.16 30957.230586
13.18 30932.878955
13.2 30911.429463
13.22 30885.688119
13.24 30882.185334
13.26 30882.15369
13.28 30877.645253
13.3 30868.55754
13.32 30859.562975
13.34 30850.640152
13.36 30841.763295
13.38 30832.893514
13.4 30823.946527
13.42 30802.776643
13.44 30791.386213
13.46 30784.068452
13.48 30764.611545
13.5 30740.137639
13.52 30715.432555
13.54 30690.817499
13.56 30666.493745
13.58 30642.838003
13.6 30621.484787
13.62 30608.407531
13.64 30599.413766
13.66 30591.629291
13.68 30584.250327
13.7 30577.058872
13.72 30569.977745
13.74 30562.667916
13.76 30544.800675
13.78 30527.062498
13.8 30509.452178
13.82 30491.968518
