2.5 30482.931837
2.52 30465.684934
2.54 30448.551312
2.56 30431.539822
2.58 30420.53482
2.6 30415.688785
2.62 30409.342073
2.64 30388.777809
2.66 30370.847784
2.68 30351.756634
2.7 30330.071839
2.72 30308.485911
2.74 30289.627969
2.76 30283.745873
2.78 30279.62468
2.8 30275.659087
2.82 30271.21144
2.84 30253.451121
2.86 30235.816433
2.88 30218.289511
2.9 30200.88063
2.92 30193.996289
2.94 30189.226434
2.96 30184.445244
2.98 30179.558252
3 30174.338369
3.02 30167.727416
3.04 30155.478065
3.06 30142.111976
3.08 30127.954051
3.1 30108.241508
3.12 30088.462548
3.14 30069.088794
3.16 30054.149687
3.18 30048.495726
3.2 30045.294568
3.22 30042.575506
3.24 30039.951895
3.26 30037.370278
3.28 30034.814879
3.3 30032.285797
3.32 30020.290949
3.34 30007.844908
3.36 29994.23409
3.38 29980.712023
3.4 29967.275898
3.42 29952.469087
3.44 29940.682856
3.46 29927.509025
3.48 29914.420544
3.5 29901.416624
3.52 29888.496516
3.54 29875.668231
3.56 29862.913521
3.58 29850.24052
3.6 29837.648567
3.62 29825.136983
3.64 29817.081135
3.66 29810.265459
3.68 29808.860432
3.7 29807.457557
3.72 29805.947531
3.74 29803.76839
3.76 29801.171863
3.78 29798.308693
3.8 29794.548994
3.82 29786.183069
3.84 29771.418655
3.86 29755.289991
3.88 29745.27711
3.9 29730.27323
3.92 29720.899268
3.94 29717.847988
3.96 29715.493111
3.98 29709.807858
4 29699.280727
4.02 29698.461408
4.04 29697.652251
4.06 29696.847688
4.08 29695.774616
4.1 29684.457523
4.12 29673.200829
4.14 29662.012381
4.16 29653.619053
4.18 29642.559271
4.2 29632.137412
4.22 29623.109408
4.24 29613.885294
4.26 29599.863522
4.28 29592.338431
4.3 29581.661346
4.32 29576.344947
4.34 29574.827388
4.36 29573.472086
4.38 29572.875273
4.4 29572.657854
4.42 29572.457105
4.44 29567.949572
4.46 29566.427265
4.48 29564.369683
4.5 29558.778745
4.52 29553.985625
4.54 29544.608804
4.56 29544.224714
4.58 29544.129162
4.6 29544.062249
4.62 29542.048731
4.64 29534.514678
4.66 29524.437067
4.68 29514.40956
4.7 29508.362134
4.72 29498.44082
4.74 29488.576339
4.76 29478.768268
4.78 29469.023907
4.8 29465.994282
4.82 29464.448721
4.84 29458.668721
4.86 29446.288897
4.88 29434.254855
4.9 29426.018193
4.92 29413.449743
4.94 29405.284034
4.96 29397.601282
4.98 29396.950049
5 29396.426654
5.02 29395.936657
5.04 29395.461666
5.06 29394.98642
5.08 29394.493054
5.1 29393.94155
5.12 29393.179477
5.14 29390.639978
5.16 29380.45566
5.18 29370.101388
5.2 29360.066377
5.22 29347.918747
5.24 29346.584905
5.26 29346.216542
5.28 29345.948198
5.3 29339.668998
5.32 29329.073303
5.34 29327.026197
5.36 29318.327893
5.38 29312.101961
5.4 29307.158181
5.42 29298.587567
5.44 29290.369534
5.46 29290.006344
5.48 29289.203967
5.5 29286.229952
5.52 29277.075865
5.54 29265.038001
5.56 29252.498657
5.58 29239.85171
5.6 29227.211823
5.62 29215.380519
5.64 29207.299821
5.66 29196.379065
5.68 29187.712798
5.7 29179.766663
5.72 29171.862372
5.74 29163.999623
5.76 29156.17813
5.78 29148.404791
5.8 29140.664839
5.82 29132.9653
5.84 29128.809764
5.86 29121.18318
5.88 29113.596213
5.9 29106.05567
5.92 29098.547014
5.94 29091.077174
5.96 29083.645889
5.98 29076.252898
6 29068.897945
6.02 29063.682281
6.04 29063.03499
6.06 29061.859647
6.08 29058.785652
6.1 29049.957439
6.12 29038.710641
6.14 29027.251879
6.16 29015.77505
6.18 29004.386501
6.2 28997.397405
6.22 28988.019056
6.24 28980.165311
6.26 28973.288461
6.28 28966.446241
6.3 28959.63841
6.32 28952.864739
9.8 38779.308792
9.82 38774.519146
9.84 38773.678847
9.86 38772.751096
9.88 38757.761258
9.9 38757.081394
9.92 38722.835578
9.94 38659.268876
9.96 38559.705058
9.98 38461.246207
10 38364.003112
10.02 38274.949244
10.04 38180.146108
10.06 38086.374605
10.08 37993.706357
10.1 37902.165293
10.12 37811.826216
10.14 37723.476566
10.16 37641.727725
10.18 37555.722288
10.2 37469.845427
10.22 37384.842242
10.24 37300.875916
10.26 37218.002455
10.28 37136.348352
10.3 37056.210925
10.32 36978.275738
10.34 36904.817654
10.36 36844.480023
10.38 36812.610555
10.4 36799.693748
10.42 36792.338119
10.44 36754.119048
10.46 36678.437293
10.48 36602.905977
10.5 36528.077133
10.52 36453.998959
10.54 36380.678109
10.56 36308.110573
10.58 36236.305241
10.6 36165.223895
10.62 36094.875419
10.64 36025.253451
10.66 35956.355433
10.68 35888.183221
10.7 35820.768894
10.72 35754.151772
10.74 35688.710513
10.76 35622.058109
10.78 35555.318591
10.8 35491.765654
10.82 35428.39985
10.84 35364.594347
10.86 35297.431621
10.88 35230.838338
10.9 35164.883943
10.92 35099.580183
10.94 35034.89192
10.96 34970.827213
10.98 34907.378991
11 34844.54005
11.02 34782.303427
11.04 34720.676006
11.06 34659.622652
11.08 34599.151291
11.1 34539.255992
11.12 34479.931883
11.14 34421.191289
11.16 34363.014065
11.18 34305.484799
11.2 34253.10303
11.22 34248.877516
11.24 34225.63282
11.26 34175.63951
11.28 34125.013279
11.3 34074.704096
11.32 34024.812218
11.34 33975.360525
11.36 33926.354206
11.38 33877.806404
11.4 33829.687398
11.42 33782.007084
11.44 33734.76121
11.46 33687.945269
11.48 33641.567816
11.5 33595.597389
11.52 33550.042887
11.54 33504.899629
11.56 33460.162962
11.58 33415.828275
11.6 33371.903854
11.62 33328.359092
11.64 33285.202774
11.66 33242.43049
11.68 33200.037888
11.7 33158.020669
11.72 33116.387115
11.74 33075.107626
11.76 33034.190979
11.78 32993.633108
11.8 32953.430012
11.82 32913.590345
11.84 32874.084703
11.86 32834.92235
11.88 32796.099745
11.9 32757.61389
11.92 32719.463907
11.94 32681.684716
11.96 32663.423503
11.98 32662.52384
12 32641.942587
12.02 32600.736593
12.04 32559.723547
12.06 32519.043083
12.08 32478.680977
12.1 32438.649528
12.12 32398.946564
12.14 32359.569232
12.16 32320.52639
12.18 32281.790612
12.2 32243.371
12.22 32205.264375
12.24 32167.467597
12.26 32129.977569
12.28 32092.802902
12.3 32055.917007
12.32 32020.66549
12.34 31988.694158
12.36 31956.984069
12.38 31924.681194
12.4 31889.21301
12.42 31854.031056
12.44 31819.138078
12.46 31784.965843
12.48 31756.952303
12.5 31732.1712
12.52 31712.404816
12.54 31682.92576
12.56 31653.681771
12.58 31624.670725
12.6 31595.89064
12.62 31567.394991
12.64 31541.1247
12.66 31515.137942
12.68 31489.365197
12.7 31463.803801
12.72 31438.462631
12.74 31413.316783
12.76 31391.784922
12.78 31380.655152
12.8 31369.621691
12.82 31358.681776
12.84 31347.840416
12.86 31337.076603
12.88 31326.388389
12.9 31315.737655
12.92 31301.187446
12.94 31271.470863
12.96 31242.048089
12.98 31213.139178
13 31185.566644
13.02 31162.4945
13.04 31135.839881
13.06 31107.474065
13.08 31079.720943
13.1 31064.503848
13.12 31055.431506
13.14 31046.616583
13.16 31037.910302
13.18 31029.296329
13.2 31020.749431
13.22 31012.273712
13.24 31003.865258
13.26 30984.070277
13.28 30960.821524
13.3 30937.753221
13.32 30914.843084
13.34 30892.100077
13.36 30882.113493
13.38 30882.082574
13.4 30871.266099
13.42 30845.873598
13.44 30821.956959
13.46 30802.035041
13.48 30780.190885
13.5 30771.168518
13.52 30764.168508
13.54 30748.691693
13.56 30729.464667
13.58 30710.379585
13.6 30691.43509
13.62 30672.629841
13.64 30653.972348
13.66 30635.441399
13.68 30617.045768
13.7 30598.784175
13.72 30581.521216
13.74 30566.011615
13.76 30553.214581
13.78 30535.453122
13.8 30517.819641
13.82 30500.31294
