2.5 30905.842343
2.52 30898.639505
2.54 30891.471356
2.56 30884.326918
2.58 30882.046659
2.6 30868.945434
2.62 30847.934103
2.64 30823.753231
2.66 30799.590685
2.68 30775.576774
2.7 30751.767326
2.72 30728.324825
2.74 30707.963269
2.76 30700.173753
2.78 30692.88069
2.8 30674.172266
2.82 30666.928155
2.84 30659.829981
2.86 30652.82572
2.88 30645.876136
2.9 30638.964766
2.92 30632.063328
2.94 30625.117824
2.96 30617.988665
2.98 30610.075869
3 30598.221976
3.02 30579.198919
3.04 30557.937875
3.06 30536.36949
3.08 30514.916485
3.1 30499.322316
3.12 30480.679817
3.14 30460.181238
3.16 30448.122172
3.18 30441.262155
3.2 30435.19364
3.22 30428.556883
3.24 30412.926083
3.26 30397.398228
3.28 30381.972437
3.3 30366.656818
3.32 30354.469487
3.34 30339.336949
3.36 30324.303073
3.38 30309.367023
3.4 30294.527969
3.42 30279.793905
3.44 30269.698035
3.46 30255.133422
3.48 30240.662587
3.5 30230.112506
3.52 30213.807122
3.54 30197.826259
3.56 30183.712354
3.58 30169.698379
3.6 30155.773976
3.62 30141.938146
3.64 30134.903852
3.66 30122.194708
3.68 30103.80101
3.7 30087.473522
3.72 30074.069143
3.74 30060.74898
3.76 30047.531743
3.78 30044.942552
3.8 30042.474381
3.82 30040.050671
3.84 30037.653174
3.86 30035.274117
3.88 30032.91581
3.9 30030.552683
3.92 30028.169627
3.94 30025.638132
3.96 30015.444809
3.98 30000.32421
4 29986.707245
4.02 29969.524634
4.04 29953.906976
4.06 29949.87941
4.08 29947.78535
4.1 29936.671635
4.12 29922.473975
4.14 29908.359439
4.16 29894.329404
4.18 29890.231642
4.2 29887.440695
4.22 29884.665057
4.24 29881.885027
4.26 29877.096325
4.28 29867.997642
4.3 29856.232785
4.32 29844.545906
4.34 29832.920098
4.36 29821.363086
4.38 29813.972373
4.4 29802.542511
4.42 29791.179353
4.44 29778.998077
4.46 29764.929765
4.48 29757.496051
4.5 29746.396667
4.52 29735.362006
4.54 29724.399557
4.56 29719.714413
4.58 29717.709519
4.6 29715.801007
4.62 29714.279906
4.64 29713.353936
4.66 29710.854604
4.68 29707.786066
4.7 29705.318481
4.72 29700.6519
4.74 29689.218909
4.76 29675.038507
4.78 29667.301076
4.8 29652.939034
4.82 29644.936095
4.84 29642.611983
4.86 29640.842134
4.88 29639.242767
4.9 29637.860408
4.92 29637.217528
4.94 29636.726063
4.96 29631.419746
4.98 29621.285536
5 29611.2155
5.02 29605.039537
5.04 29595.065333
5.06 29585.542786
5.08 29585.105451
5.1 29577.903251
5.12 29567.499794
5.14 29559.626674
5.16 29552.806381
5.18 29552.680948
5.2 29552.581036
5.22 29552.495834
5.24 29552.405602
5.26 29552.315693
5.28 29552.223656
5.3 29552.123829
5.32 29551.987076
5.34 29545.255484
5.36 29540.453191
5.38 29540.016402
5.4 29538.642127
5.42 29529.241
5.44 29519.890336
5.46 29510.714833
5.48 29501.346332
5.5 29492.144862
5.52 29482.992493
5.54 29476.308139
5.56 29467.255271
5.58 29458.243084
5.6 29449.278648
5.62 29440.912762
5.64 29435.120659
5.66 29426.290056
5.68 29417.513095
5.7 29409.40273
5.72 29408.665105
5.74 29406.820657
5.76 29399.952128
5.78 29390.783574
5.8 29383.315647
5.82 29382.408859
5.84 29381.916895
5.86 29381.510148
5.88 29381.133089
5.9 29380.773135
5.92 29380.403319
5.94 29380.013667
5.96 29371.559391
5.98 29361.452112
6 29357.829235
6.02 29357.026763
6.04 29351.302859
6.06 29341.878258
6.08 29333.398025
6.1 29326.105719
6.12 29325.769073
6.14 29325.609195
6.16 29321.897162
6.18 29315.042204
6.2 29308.083047
6.22 29303.539913
6.24 29295.588812
6.26 29290.678312
6.28 29290.456048
6.3 29290.136045
6.32 29289.517353
10.16 38816.894614
10.18 38815.656155
10.2 38814.438173
10.22 38773.362494
10.24 38772.588983
10.26 38746.410763
10.28 38745.901274
10.3 38680.319549
10.32 38593.535916
10.34 38502.44966
10.36 38412.470739
10.38 38350.188195
10.4 38348.45741
10.42 38348.019206
10.44 38278.734364
10.46 38192.004631
10.48 38106.14211
10.5 38021.162199
10.52 37937.055372
10.54 37853.811763
10.56 37771.423819
10.58 37701.125741
10.6 37687.838502
10.62 37602.394443
10.64 37517.730784
10.66 37433.911136
10.68 37350.927318
10.7 37268.783649
10.72 37187.440848
10.74 37106.903772
10.76 37027.162874
10.78 36948.209933
10.8 36870.058705
10.82 36794.203703
10.84 36734.590031
10.86 36658.822585
10.88 36583.621654
10.9 36509.115334
10.92 36435.329399
10.94 36362.234008
10.96 36289.837393
10.98 36219.411046
11 36153.233745
11.02 36087.695925
11.04 36022.806366
11.06 35958.533844
11.08 35894.894234
11.1 35831.89975
11.12 35769.593717
11.14 35708.197301
11.16 35649.963514
11.18 35628.332303
11.2 35624.500229
11.22 35620.41339
11.24 35610.813935
11.26 35580.968689
11.28 35529.323894
11.3 35472.31027
11.32 35415.095824
11.34 35358.325564
11.36 35302.070094
11.38 35246.355065
11.4 35191.153192
11.42 35136.474471
11.44 35082.313927
11.46 35028.666031
11.48 34975.538241
11.5 34922.89786
11.52 34870.752653
11.54 34819.096776
11.56 34767.924416
11.58 34712.804009
11.6 34656.775231
11.62 34601.223323
11.64 34546.156161
11.66 34491.568479
11.68 34437.455255
11.7 34383.812032
11.72 34330.648986
11.74 34277.958753
11.76 34239.821379
11.78 34189.230029
11.8 34137.906453
11.82 34086.961451
11.84 34036.41716
11.86 33986.293689
11.88 33936.590522
11.9 33887.304896
11.92 33838.433204
11.94 33789.98374
11.96 33741.927546
11.98 33694.273066
12 33647.016126
12.02 33600.152566
12.04 33553.678256
12.06 33507.601042
12.08 33461.892662
12.1 33416.5614
12.12 33371.603313
12.14 33327.014512
12.16 33282.80315
12.18 33238.941182
12.2 33195.437249
12.22 33152.287764
12.24 33109.489258
12.26 33067.038411
12.28 33024.943795
12.3 32983.178927
12.32 32941.753532
12.34 32900.666227
12.36 32859.917401
12.38 32819.523139
12.4 32779.474739
12.42 32739.837173
12.44 32700.895413
12.46 32668.934859
12.48 32664.839978
12.5 32664.30443
12.52 32664.04518
12.54 32663.8357
12.56 32663.614935
12.58 32663.25033
12.6 32652.211975
12.62 32620.085153
12.64 32588.209127
12.66 32556.592708
12.68 32522.649049
12.7 32485.572235
12.72 32448.787093
12.74 32412.269241
12.76 32376.027869
12.78 32340.060475
12.8 32304.364474
12.82 32268.937251
12.84 32233.78711
12.86 32198.889339
12.88 32164.252562
12.9 32129.874231
12.92 32095.751826
12.94 32061.882861
12.96 32028.275544
12.98 31994.905859
13 31961.782357
13.02 31928.902684
13.04 31896.264521
13.06 31863.876266
13.08 31831.714033
13.1 31799.786558
13.12 31768.091654
13.14 31736.627171
13.16 31705.390988
13.18 31674.391466
13.2 31643.605399
13.22 31613.041474
13.24 31582.697703
13.26 31552.572129
13.28 31522.662831
13.3 31492.978144
13.32 31463.49552
13.34 31434.223621
13.36 31405.160673
13.38 31376.304949
13.4 31347.665035
13.42 31319.218577
13.44 31290.974598
13.46 31264.201534
13.48 31242.277679
13.5 31219.07797
13.52 31193.575107
13.54 31172.149074
13.56 31152.743267
13.58 31135.073121
13.6 31114.100491
13.62 31093.281175
13.64 31072.623553
13.66 31052.106281
13.68 31031.738007
13.7 31011.517326
13.72 30991.442847
13.74 30971.523058
13.76 30951.736655
13.78 30932.092386
13.8 30920.419099
13.82 30913.103376
