2.5 31194.652181
2.52 31172.065792
2.54 31149.623738
2.56 31127.334534
2.58 31105.196818
2.6 31083.208547
2.62 31057.913309
2.64 31032.549214
2.66 31007.359368
2.68 30982.355774
2.7 30960.076623
2.72 30942.826063
2.74 30918.691013
2.76 30894.44459
2.78 30882.224325
2.8 30871.326489
2.82 30850.906393
2.84 30830.621491
2.86 30810.479958
2.88 30790.461885
2.9 30772.160925
2.92 30765.915403
2.94 30759.73322
2.96 30753.610386
2.98 30747.524889
3 30741.480594
3.02 30735.471574
3.04 30729.485325
3.06 30723.479249
3.08 30716.814259
3.1 30695.357415
3.12 30672.902607
3.14 30650.599973
3.16 30628.471412
3.18 30606.546088
3.2 30584.931502
3.22 30570.069202
3.24 30550.183304
3.26 30531.21205
3.28 30522.127222
3.3 30515.480099
3.32 30509.293378
3.34 30503.289055
3.36 30492.163566
3.38 30476.505105
3.4 30460.948132
3.42 30445.500604
3.44 30430.143866
3.46 30417.893676
3.48 30402.726611
3.5 30387.656876
3.52 30372.683658
3.54 30357.814802
3.56 30343.032028
3.58 30332.852297
3.6 30318.24536
3.62 30303.725128
3.64 30289.320705
3.66 30274.9889
3.68 30260.747998
3.7 30246.59683
3.72 30232.534589
3.74 30218.560522
3.76 30204.682409
3.78 30190.882368
3.8 30177.168328
3.82 30163.539604
3.84 30149.995509
3.86 30136.535356
3.88 30123.166828
3.9 30109.872363
3.92 30097.866192
3.94 30095.213104
3.96 30092.598664
3.98 30090.017316
4 30087.445583
4.02 30084.885843
4.04 30082.327714
4.06 30079.740195
4.08 30076.903886
4.1 30064.7208
4.12 30051.544797
4.14 30035.124023
4.16 30017.770531
4.18 30002.24233
4.2 29998.122266
4.22 29995.850045
4.24 29992.878334
4.26 29978.665447
4.28 29964.533858
4.3 29950.484048
4.32 29943.073085
4.34 29940.097537
4.36 29937.137055
4.38 29934.161442
4.4 29931.114704
4.42 29925.285426
4.44 29915.269054
4.46 29904.406902
4.48 29892.713439
4.5 29881.088176
4.52 29868.492369
4.54 29855.37711
4.56 29846.318329
4.58 29835.266549
4.6 29823.974457
4.62 29812.747526
4.64 29801.585263
4.66 29794.496224
4.68 29783.452756
4.7 29772.472549
4.72 29763.552354
4.74 29761.42797
4.76 29759.333605
4.78 29757.251468
4.8 29755.135743
4.82 29752.798008
4.84 29744.532659
4.86 29743.471084
4.88 29735.9436
4.9 29721.881478
4.92 29707.488358
4.94 29698.839319
4.96 29687.883232
4.98 29684.717583
5 29682.68078
5.02 29680.864967
5.04 29679.133213
5.06 29677.43792
5.08 29675.753473
5.1 29674.054803
5.12 29672.304143
5.14 29665.600544
5.16 29658.025612
5.18 29647.984942
5.2 29637.99927
5.22 29630.378496
5.24 29620.721771
5.26 29611.037269
5.28 29602.373682
5.3 29592.649027
5.32 29582.977146
5.34 29578.141129
5.36 29566.755258
5.38 29565.160778
5.4 29565.010183
5.42 29564.865001
5.44 29564.72169
5.46 29564.584916
5.48 29564.435668
5.5 29564.266315
5.52 29563.673116
5.54 29554.969129
5.56 29551.347143
5.58 29551.169091
5.6 29550.720178
5.62 29549.637591
5.64 29542.330382
5.66 29539.731789
5.68 29530.840845
5.7 29521.705456
5.72 29512.617923
5.74 29505.117386
5.76 29498.195635
5.78 29489.249548
5.8 29480.342743
5.82 29471.482208
5.84 29466.019518
5.86 29463.989332
5.88 29455.833148
5.9 29444.076682
5.92 29435.079023
5.94 29425.30681
5.96 29413.636219
5.98 29406.509533
6 29404.782062
6.02 29404.180984
6.04 29403.808598
6.06 29403.533976
6.08 29403.304054
6.1 29403.080218
6.12 29402.823651
6.14 29401.489315
6.16 29399.509418
6.18 29394.557621
6.2 29383.968405
6.22 29376.297192
6.24 29364.736799
6.26 29356.459637
6.28 29355.777688
6.3 29355.443225
6.32 29355.175412
10.32 38820.877491
10.34 38819.712327
10.36 38805.357585
10.38 38767.79101
10.4 38763.79874
10.42 38716.711512
10.44 38715.977783
10.46 38715.01688
10.48 38682.852685
10.5 38658.202281
10.52 38564.701158
10.54 38472.147587
10.56 38380.538531
10.58 38310.307599
10.6 38220.492879
10.62 38131.530279
10.64 38043.453686
10.66 37956.25815
10.68 37869.939387
10.7 37784.475071
10.72 37703.433755
10.74 37700.21907
10.76 37697.916172
10.78 37673.224663
10.8 37595.62118
10.82 37518.557861
10.84 37442.279587
10.86 37366.78444
10.88 37292.064133
10.9 37218.109549
10.92 37144.925816
10.94 37072.474776
10.96 37000.763023
10.98 36929.783507
11 36859.5316
11.02 36790.010204
11.04 36721.259189
11.06 36653.383672
11.08 36586.791171
11.1 36521.035923
11.12 36455.60197
11.14 36390.589543
11.16 36326.063118
11.18 36262.088167
11.2 36198.691151
11.22 36135.885927
11.24 36073.679959
11.26 36012.092655
11.28 35951.102466
11.3 35890.733931
11.32 35831.007961
11.34 35771.968235
11.36 35713.698642
11.38 35656.359833
11.4 35599.842378
11.42 35543.646181
11.44 35487.615483
11.46 35431.883967
11.48 35376.561598
11.5 35321.674662
11.52 35267.256496
11.54 35213.316753
11.56 35157.200456
11.58 35099.468484
11.6 35047.018197
11.62 34995.030233
11.64 34941.497719
11.66 34888.148734
11.68 34837.545456
11.7 34787.405743
11.72 34737.736683
11.74 34688.5075
11.76 34639.725856
11.78 34591.386568
11.8 34543.484528
11.82 34496.027304
11.84 34448.984443
11.86 34402.364164
11.88 34356.162096
11.9 34310.375346
11.92 34265.019901
11.94 34223.994789
11.96 34179.653336
11.98 34135.512372
12 34091.730351
12.02 34048.322743
12.04 34005.29076
12.06 33962.64418
12.08 33920.355692
12.1 33878.433906
12.12 33836.875035
12.14 33795.675227
12.16 33754.842597
12.18 33714.348972
12.2 33674.20289
12.22 33634.400533
12.24 33594.938146
12.26 33555.812015
12.28 33517.030153
12.3 33478.565237
12.32 33440.425719
12.34 33402.608052
12.36 33365.108746
12.38 33327.936068
12.4 33291.062872
12.42 33254.49783
12.44 33218.23764
12.46 33182.279022
12.48 33146.618747
12.5 33111.265056
12.52 33076.191637
12.54 33041.40712
12.56 33006.908444
12.58 32972.692577
12.6 32938.756531
12.62 32905.108515
12.64 32871.723002
12.66 32838.608576
12.68 32805.762401
12.7 32773.181673
12.72 32737.96922
12.74 32704.842884
12.76 32673.052671
12.78 32641.516862
12.8 32610.233166
12.82 32579.198783
12.84 32548.422083
12.86 32517.878394
12.88 32487.576416
12.9 32457.513647
12.92 32427.68558
12.94 32396.327196
12.96 32365.113492
12.98 32334.12305
13 32303.364644
13.02 32272.836056
13.04 32242.535102
13.06 32212.470304
13.08 32182.61782
13.1 32152.986494
13.12 32123.574212
13.14 32094.378881
13.16 32065.398445
13.18 32036.641326
13.2 32008.084307
13.22 31979.736125
13.24 31951.594804
13.26 31923.65839
13.28 31895.924963
13.3 31868.402855
13.32 31841.069448
13.34 31813.933375
13.36 31786.992794
13.38 31760.245882
13.4 31733.701111
13.42 31707.33592
13.44 31681.159067
13.46 31655.168809
13.48 31629.363428
13.5 31603.741219
13.52 31578.310551
13.54 31553.049426
13.56 31527.966487
13.58 31503.060106
13.6 31478.328676
13.62 31453.770601
13.64 31429.394151
13.66 31405.177862
13.68 31381.130268
13.7 31357.249847
13.72 31333.535094
13.74 31309.99438
13.76 31286.606289
13.78 31263.379456
13.8 31240.31244
13.82 31217.403818
