2.5 31444.182748
2.52 31416.755584
2.54 31389.502068
2.56 31362.430671
2.58 31335.539872
2.6 31308.828173
2.62 31282.303768
2.64 31255.945651
2.66 31229.762296
2.68 31204.296114
2.7 31182.127792
2.72 31160.10791
2.74 31137.656417
2.76 31112.296265
2.78 31087.10276
2.8 31062.075508
2.82 31037.213861
2.84 31012.517622
2.86 30987.996813
2.88 30963.635461
2.9 30939.451678
2.92 30915.475841
2.94 30891.902996
2.96 30882.217508
2.98 30882.164419
3 30866.725022
3.02 30850.828067
3.04 30844.317745
3.06 30837.865068
3.08 30831.469408
3.1 30825.110514
3.12 30818.790777
3.14 30812.50101
3.16 30806.216794
3.18 30799.81723
3.2 30785.672666
3.22 30763.071073
3.24 30740.564171
3.26 30718.196181
3.28 30695.973096
3.3 30673.912718
3.32 30652.246098
3.34 30638.869862
3.36 30617.839495
3.38 30596.394053
3.4 30575.028182
3.42 30553.82854
3.44 30532.948071
3.46 30516.480762
3.48 30510.83538
3.5 30506.070335
3.52 30501.427178
3.54 30496.849396
3.56 30492.3042
3.58 30487.792589
3.6 30476.922965
3.62 30461.735416
3.64 30446.652504
3.66 30431.655926
3.68 30416.753747
3.7 30404.887699
3.72 30390.16475
3.74 30375.533329
3.76 30360.272127
3.78 30346.555682
3.8 30332.196561
3.82 30317.92676
3.84 30303.745456
3.86 30288.263226
3.88 30272.77334
3.9 30258.85981
3.92 30247.898757
3.94 30234.149023
3.96 30220.483562
3.98 30206.910078
4 30193.410985
4.02 30179.994166
4.04 30166.658966
4.06 30153.404737
4.08 30144.508286
4.1 30135.346688
4.12 30131.475393
4.14 30127.629871
4.16 30123.783043
4.18 30119.890616
4.2 30115.849311
4.22 30111.227891
4.24 30103.731664
4.26 30089.64811
4.28 30073.026406
4.3 30056.127902
4.32 30045.61899
4.34 30029.602959
4.36 30015.204577
4.38 30009.759124
4.4 30006.039487
4.42 30002.667674
4.44 29999.433605
4.46 29991.521069
4.48 29977.616523
4.5 29967.949099
4.52 29966.028461
4.54 29964.124709
4.56 29962.213343
4.58 29960.279735
4.6 29958.181286
4.62 29947.003727
4.64 29931.158552
4.66 29915.56929
4.68 29901.746829
4.7 29894.570719
4.72 29891.004851
4.74 29879.653358
4.76 29868.366459
4.78 29857.151397
4.8 29845.992111
4.82 29835.19475
4.84 29826.465566
4.86 29815.488783
4.88 29807.857492
4.9 29797.653253
4.92 29786.85178
4.94 29782.044442
4.96 29780.962796
4.98 29779.878936
5 29778.782441
5.02 29768.767028
5.04 29756.367197
5.06 29744.034096
5.08 29733.804981
5.1 29728.804765
5.12 29715.202638
5.14 29700.789267
5.16 29694.634914
5.18 29693.731945
5.2 29692.9965
5.22 29692.302495
5.24 29691.61448
5.26 29690.933198
5.28 29690.254222
5.3 29689.571487
5.32 29688.868536
5.34 29688.043651
5.36 29678.31774
5.38 29664.967394
5.4 29655.437271
5.42 29651.619612
5.44 29641.836443
5.46 29632.112902
5.48 29624.884097
5.5 29615.251653
5.52 29605.670213
5.54 29596.85836
5.56 29590.354552
5.58 29580.917427
5.6 29580.046579
5.62 29579.84151
5.64 29579.635907
5.66 29579.42527
5.68 29579.201733
5.7 29577.968381
5.72 29565.703385
5.74 29559.324333
5.76 29550.792504
5.78 29550.522383
5.8 29550.418405
5.82 29550.333423
5.84 29550.254162
5.86 29547.555159
5.88 29542.026485
5.9 29541.987328
5.92 29538.994088
5.94 29533.593356
5.96 29524.661075
5.98 29515.774535
6 29506.933429
6.02 29498.144421
6.04 29489.393155
6.06 29480.686313
6.08 29468.971754
6.1 29460.140485
6.12 29454.837516
6.14 29446.305855
6.16 29437.81727
6.18 29429.371473
6.2 29426.666528
6.22 29426.107543
6.24 29425.575001
6.26 29425.038777
6.28 29424.489879
6.3 29423.897356
6.32 29423.155726
10.46 38848.114678
10.48 38799.205796
10.5 38798.228232
10.52 38764.798851
10.54 38740.030456
10.56 38739.623192
10.58 38714.464611
10.6 38714.185388
10.62 38650.038874
10.64 38558.598144
10.66 38468.061639
10.68 38378.495224
10.7 38347.861271
10.72 38347.386739
10.74 38337.12912
10.76 38254.345294
10.78 38172.252888
10.8 38091.021775
10.82 38010.613719
10.84 37931.034295
10.86 37852.27467
10.88 37774.331822
10.9 37697.372552
10.92 37626.476385
10.94 37551.395742
10.96 37476.742372
10.98 37402.779491
11 37329.546001
11.02 37257.054613
11.04 37185.320879
11.06 37114.319203
11.08 37044.069821
11.1 36974.584124
11.12 36905.877112
11.14 36837.987902
11.16 36770.882307
11.18 36704.509213
11.2 36638.756927
11.22 36573.548077
11.24 36508.865271
11.26 36444.735636
11.28 36381.147184
11.3 36318.126542
11.32 36255.682137
11.34 36193.819469
11.36 36132.542558
11.38 36071.869663
11.4 36011.781797
11.42 35952.308084
11.44 35893.48152
11.46 35835.378694
11.48 35778.20787
11.5 35722.633351
11.52 35671.679788
11.54 35613.609273
11.56 35552.082309
11.58 35491.6289
11.6 35437.104675
11.62 35382.981316
11.64 35327.563059
11.66 35268.830321
11.68 35215.910451
11.7 35163.6252
11.72 35111.809198
11.74 35060.437321
11.76 35009.520124
11.78 34959.05494
11.8 34909.038394
11.82 34859.479243
11.84 34810.347682
11.86 34761.652735
11.88 34713.389845
11.9 34665.554609
11.92 34618.142646
11.94 34571.161863
11.96 34524.583344
11.98 34478.415836
12 34432.656213
12.02 34387.303122
12.04 34342.361063
12.06 34297.877886
12.08 34254.804166
12.1 34216.20686
12.12 34172.923469
12.14 34129.891791
12.16 34087.216599
12.18 34044.885663
12.2 34002.912525
12.22 33961.295162
12.24 33920.030662
12.26 33879.115703
12.28 33838.55847
12.3 33798.331671
12.32 33758.443799
12.34 33718.891229
12.36 33679.670395
12.38 33640.789477
12.4 33602.221227
12.42 33563.974199
12.44 33526.045001
12.46 33488.430228
12.48 33451.126533
12.5 33414.142042
12.52 33377.450325
12.54 33341.059888
12.56 33304.967567
12.58 33269.170206
12.6 33233.664701
12.62 33198.459147
12.64 33163.527901
12.66 33128.879429
12.68 33094.510786
12.7 33060.41905
12.72 33026.612526
12.74 32992.955478
12.76 32953.816667
12.78 32920.641295
12.8 32887.910318
12.82 32851.662893
12.84 32819.298784
12.86 32787.350482
12.88 32755.654389
12.9 32724.207931
12.92 32693.00858
12.94 32662.814612
12.96 32631.352157
12.98 32600.878539
13 32570.642418
13.02 32540.641164
13.04 32510.872397
13.06 32481.344486
13.08 32452.033446
13.1 32422.947977
13.12 32394.08583
13.14 32365.444781
13.16 32337.022636
13.18 32308.827696
13.2 32280.836622
13.22 32253.058028
13.24 32225.489823
13.26 32198.129939
13.28 32170.976338
13.3 32144.037242
13.32 32117.289928
13.34 32090.742922
13.36 32064.394278
13.38 32038.242074
13.4 32012.294678
13.42 31986.529436
13.44 31960.955008
13.46 31935.569565
13.48 31910.371295
13.5 31885.358409
13.52 31860.539188
13.54 31835.891554
13.56 31811.424068
13.58 31787.135027
13.6 31763.022743
13.62 31739.085552
13.64 31715.331643
13.66 31691.739487
13.68 31668.317544
13.7 31641.507847
13.72 31612.740434
13.74 31584.177952
13.76 31555.798781
13.78 31527.61132
13.8 31499.613911
13.82 31471.804924
