2.5 31928.955099
2.52 31903.703441
2.54 31879.877211
2.56 31856.218111
2.58 31832.724618
2.6 31809.395229
2.62 31786.238138
2.64 31763.232298
2.66 31740.386157
2.68 31717.698276
2.7 31695.167236
2.72 31672.79163
2.74 31650.579554
2.76 31628.510452
2.78 31606.592663
2.8 31584.824842
2.82 31563.205658
2.84 31541.733794
2.86 31520.417246
2.88 31499.235926
2.9 31478.198063
2.92 31457.302396
2.94 31436.547675
2.96 31415.941985
2.98 31395.465264
3 31375.125826
3.02 31354.922472
3.04 31334.854019
3.06 31314.919293
3.08 31295.126271
3.1 31275.455336
3.12 31255.914685
3.14 31236.503195
3.16 31217.219753
3.18 31198.063258
3.2 31179.041583
3.22 31160.135534
3.24 31141.353199
3.26 31122.693524
3.28 31103.852699
3.3 31082.609902
3.32 31064.319684
3.34 31043.196197
3.36 31019.813989
3.38 30996.576113
3.4 30973.481799
3.42 30950.539517
3.44 30927.732515
3.46 30905.078947
3.48 30883.31188
3.5 30882.177634
3.52 30882.151237
3.54 30870.750526
3.56 30853.818323
3.58 30836.993295
3.6 30820.274559
3.62 30803.661241
3.64 30787.161145
3.66 30770.755903
3.68 30754.453513
3.7 30738.253136
3.72 30722.153941
3.74 30706.155106
3.76 30690.26433
3.78 30674.463612
3.8 30658.760838
3.82 30643.155218
3.84 30627.645969
3.86 30614.369988
3.88 30599.843366
3.9 30584.610971
3.92 30569.01979
3.94 30552.096111
3.96 30536.579236
3.98 30521.731497
4 30506.965633
4.02 30492.289445
4.04 30477.70222
4.06 30463.203248
4.08 30444.158843
4.1 30424.873739
4.12 30405.691905
4.14 30388.227743
4.16 30372.361782
4.18 30366.774212
4.2 30362.963483
4.22 30350.322076
4.24 30336.586598
4.26 30322.932715
4.28 30309.359795
4.3 30295.86721
4.32 30282.462447
4.34 30269.128526
4.36 30256.634791
4.38 30249.646129
4.4 30236.530005
4.42 30223.49065
4.44 30210.535447
4.46 30197.647727
4.48 30184.835036
4.5 30172.096803
4.52 30159.891549
4.54 30157.150431
4.56 30154.324578
4.58 30148.537
4.6 30133.730349
4.62 30120.307044
4.64 30103.572011
4.66 30086.809706
4.68 30074.058097
4.7 30070.913939
4.72 30068.504134
4.74 30066.18642
4.76 30063.905092
4.78 30061.653125
4.8 30056.700094
4.82 30043.004899
4.84 30029.38449
4.86 30015.838691
4.88 30006.96111
4.9 30003.77181
4.92 30000.329497
4.94 29995.766333
4.96 29986.187694
4.98 29978.642968
5 29964.091607
5.02 29948.279875
5.04 29932.67414
5.06 29920.592347
5.08 29917.991346
5.1 29916.267875
5.12 29914.642076
5.14 29913.040685
5.16 29911.456646
5.18 29903.745533
5.2 29895.373916
5.22 29884.524776
5.24 29873.727084
5.26 29862.988054
5.28 29853.188779
5.3 29845.498813
5.32 29834.925188
5.34 29824.415995
5.36 29816.225401
5.38 29809.319471
5.4 29800.204451
5.42 29789.919348
5.44 29775.412373
5.46 29762.498816
5.48 29756.172641
5.5 29751.186361
5.52 29747.075926
5.54 29745.130255
5.56 29743.257755
5.58 29741.406906
5.6 29739.561885
5.62 29737.69646
5.64 29735.757935
5.66 29733.577074
5.68 29730.215786
5.7 29721.389604
5.72 29709.399748
5.74 29701.771675
5.76 29688.128367
5.78 29677.285021
5.8 29674.88736
5.82 29674.159089
5.84 29673.549914
5.86 29672.966389
5.88 29667.637474
5.9 29663.158518
5.92 29653.747337
5.94 29644.384453
5.96 29637.435434
5.98 29628.163512
6 29618.938937
6.02 29613.334813
6.04 29610.656079
6.06 29607.146967
6.08 29597.36441
6.1 29591.389558
6.12 29579.16169
6.14 29575.433132
6.16 29575.171762
6.18 29574.977448
6.2 29574.797335
6.22 29574.622404
6.24 29574.456202
6.26 29574.282386
6.28 29571.600099
6.3 29561.121829
6.32 29559.632513
10.76 38786.748981
10.78 38785.920856
10.8 38770.303073
10.82 38751.528796
10.84 38734.57433
10.86 38734.249135
10.88 38733.927718
10.9 38691.194117
10.92 38615.584073
10.94 38534.087075
10.96 38453.190696
10.98 38374.148354
11 38348.927878
11.02 38347.867546
11.04 38274.430516
11.06 38196.285872
11.08 38118.863594
11.1 38042.162731
11.12 37966.175757
11.14 37886.576416
11.16 37807.253519
11.18 37728.685272
11.2 37669.079802
11.22 37592.038984
11.24 37515.533232
11.26 37439.70344
11.28 37364.556756
11.3 37290.08851
11.32 37216.292803
11.34 37143.163752
11.36 37070.696676
11.38 36998.900212
11.4 36927.771699
11.42 36857.47926
11.44 36807.093534
11.46 36774.640082
11.48 36711.102081
11.5 36647.370214
11.52 36584.110243
11.54 36521.380285
11.56 36459.190856
11.58 36397.542164
11.6 36336.443859
11.62 36275.865973
11.64 36215.816955
11.66 36156.29214
11.68 36097.287111
11.7 36038.798008
11.72 35980.834163
11.74 35923.370163
11.76 35866.422511
11.78 35810.006729
11.8 35754.17569
11.82 35699.179268
11.84 35647.800664
11.86 35630.304384
11.88 35626.654296
11.9 35623.720947
11.92 35619.481577
11.94 35581.038349
11.96 35523.23301
11.98 35465.858696
12 35408.950674
12.02 35352.509148
12.04 35296.530605
12.06 35241.022604
12.08 35185.956324
12.1 35131.339341
12.12 35077.166953
12.14 35023.434485
12.16 34970.149282
12.18 34917.282457
12.2 34864.841806
12.22 34812.82284
12.24 34761.221134
12.26 34710.032322
12.28 34659.263782
12.3 34608.887586
12.32 34558.911589
12.34 34509.331716
12.36 34460.144031
12.38 34411.356563
12.4 34362.942559
12.42 34314.913908
12.44 34267.311277
12.46 34233.619327
12.48 34187.245349
12.5 34140.740769
12.52 34094.53064
12.54 34048.661161
12.56 34003.138412
12.58 33957.962401
12.6 33913.131265
12.62 33868.653558
12.64 33824.503768
12.66 33780.690289
12.68 33737.209999
12.7 33694.05976
12.72 33651.247618
12.74 33608.747802
12.76 33566.568693
12.78 33524.707226
12.8 33483.160368
12.82 33441.925123
12.84 33401.009461
12.86 33360.388354
12.88 33320.071057
12.9 33284.590687
12.92 33250.535058
12.94 33216.748703
12.96 33183.236379
12.98 33149.973421
13 33116.968069
13.02 33084.217703
13.04 33051.719765
13.06 33019.482437
13.08 32987.48155
13.1 32955.725626
13.12 32924.212239
13.14 32892.938993
13.16 32861.903525
13.18 32831.113969
13.2 32800.546823
13.22 32770.210547
13.24 32740.102917
13.26 32710.221811
13.28 32680.565931
13.3 32663.959139
13.32 32663.750978
13.34 32663.483779
13.36 32662.894607
13.38 32654.287434
13.4 32620.235105
13.42 32585.954207
13.44 32551.88429
13.46 32518.044318
13.48 32484.436946
13.5 32451.061719
13.52 32417.927299
13.54 32385.011616
13.56 32352.323076
13.58 32319.859732
13.6 32287.61961
13.62 32255.600728
13.64 32223.810945
13.66 32192.228394
13.68 32160.861191
13.7 32129.707399
13.72 32098.765098
13.74 32068.04224
13.76 32037.51701
13.78 32007.19763
13.8 31981.548426
13.82 31957.196687
