2.5 34251.439631
2.52 34223.383722
2.54 34184.147082
2.56 34144.972875
2.58 34106.020347
2.6 34067.31056
2.62 34028.857832
2.64 33990.643164
2.66 33952.675612
2.68 33914.953751
2.7 33877.475894
2.72 33840.24022
2.74 33803.254324
2.76 33766.497116
2.78 33729.976361
2.8 33693.69013
2.82 33657.6365
2.84 33621.813559
2.86 33586.228704
2.88 33550.861262
2.9 33515.718869
2.92 33480.79968
2.94 33446.10187
2.96 33411.632948
2.98 33377.372297
3 33343.327675
3.02 33311.449927
3.04 33282.88821
3.06 33254.513621
3.08 33226.333705
3.1 33198.328418
3.12 33170.505533
3.14 33142.863516
3.16 33115.400838
3.18 33088.115986
3.2 33061.016431
3.22 33034.082575
3.24 33007.322107
3.26 32980.733582
3.28 32954.315563
3.3 32928.075611
3.32 32901.994171
3.34 32876.07902
3.36 32850.328783
3.38 32824.742099
3.4 32799.317619
3.42 32774.062828
3.44 32748.958605
3.46 32724.012674
3.48 32699.223875
3.5 32674.592312
3.52 32663.730396
3.54 32663.463703
3.56 32662.856116
3.58 32654.810613
3.6 32626.093384
3.62 32597.143719
3.64 32568.346345
3.66 32539.702732
3.68 32511.225119
3.7 32482.91388
3.72 32454.768473
3.74 32426.788009
3.76 32398.979954
3.78 32371.325994
3.8 32343.833658
3.82 32316.501775
3.84 32289.329166
3.86 32262.314652
3.88 32235.465417
3.9 32212.76321
3.92 32191.122331
3.94 32166.058417
3.96 32143.534749
3.98 32122.301743
4 32101.187494
4.02 32080.19955
4.04 32059.336925
4.06 32038.598644
4.08 32017.983739
4.1 31997.499486
4.12 31977.128315
4.14 31956.87768
4.16 31936.746651
4.18 31916.734306
4.2 31896.847983
4.22 31877.070124
4.24 31857.408243
4.26 31837.861454
4.28 31818.428877
4.3 31799.109643
4.32 31779.910997
4.34 31760.815721
4.36 31741.831232
4.38 31722.956689
4.4 31704.191265
4.42 31685.534137
4.44 31666.992457
4.46 31648.549332
4.48 31630.212079
4.5 31611.979899
4.52 31593.851987
4.54 31575.835482
4.56 31557.912875
4.58 31539.243415
4.6 31519.854668
4.62 31501.912684
4.64 31484.400743
4.66 31466.99566
4.68 31449.680843
4.7 31432.463561
4.72 31415.343097
4.74 31396.341202
4.76 31374.698126
4.78 31353.178679
4.8 31331.7683
4.82 31313.459332
4.84 31295.300792
4.86 31277.237814
4.88 31256.367654
4.9 31235.495568
4.92 31214.73396
4.94 31194.08209
4.96 31173.539203
4.98 31153.104551
5 31132.785001
5.02 31112.564467
5.04 31092.449972
5.06 31072.440807
5.08 31052.536271
5.1 31032.735688
5.12 31013.045894
5.14 30993.451172
5.16 30973.958623
5.18 30954.567917
5.2 30935.279237
5.22 30916.102217
5.24 30897.038136
5.26 30882.327096
5.28 30882.170262
5.3 30882.15007
5.32 30882.140017
5.34 30871.504771
5.36 30855.683724
5.38 30839.944499
5.4 30824.286566
5.42 30808.709381
5.44 30793.212399
5.46 30777.802354
5.48 30762.464046
5.5 30747.204342
5.52 30732.022715
5.54 30716.918646
5.56 30701.898899
5.58 30686.948272
5.6 30672.073665
5.62 30657.274573
5.64 30642.550496
5.66 30627.900937
5.68 30613.332576
5.7 30598.830458
5.72 30584.401395
5.74 30570.044905
5.76 30555.760512
5.78 30541.554926
5.8 30527.413192
5.82 30513.342147
5.84 30499.341332
5.86 30485.410288
5.88 30471.548559
5.9 30457.762771
5.92 30444.038196
5.94 30429.585435
5.96 30413.185293
5.98 30396.865525
6 30380.625723
6.02 30364.472417
6.04 30348.391122
6.06 30332.388515
6.08 30320.10291
6.1 30308.617246
6.12 30293.611884
6.14 30282.29221
6.16 30271.029181
6.18 30259.822409
6.2 30248.671525
6.22 30237.576161
6.24 30226.542833
6.26 30215.557299
6.28 30204.626172
6.3 30195.717821
6.32 30183.278014
11.82 38843.864981
11.84 38777.973758
11.86 38754.852913
11.88 38739.443026
11.9 38739.227656
11.92 38739.018552
11.94 38738.81682
11.96 38728.738341
11.98 38705.089791
12 38645.157084
12.02 38576.870085
12.04 38508.618103
12.06 38440.780601
12.08 38374.479981
12.1 38335.366234
12.12 38268.612829
12.14 38202.301471
12.16 38136.527701
12.18 38071.266322
12.2 38006.524032
12.22 37942.298816
12.24 37878.584516
12.26 37815.377116
12.28 37752.690208
12.3 37704.627179
12.32 37701.940497
12.34 37701.080668
12.36 37700.355376
12.38 37659.55648
12.4 37594.517586
12.42 37529.971809
12.44 37465.922784
12.46 37402.366675
12.48 37339.298898
12.5 37276.725915
12.52 37214.62033
12.54 37152.988971
12.56 37091.827266
12.58 37031.130814
12.6 36970.895594
12.62 36911.129872
12.64 36851.815238
12.66 36793.893095
12.68 36749.261309
12.7 36691.44471
12.72 36633.894862
12.74 36576.729084
12.76 36519.976237
12.78 36463.638835
12.8 36407.7158
12.82 36352.204365
12.84 36297.11198
12.86 36242.413729
12.88 36188.11707
12.9 36134.218492
12.92 36080.714816
12.94 36027.602825
12.96 35974.89027
12.98 35922.553551
13 35870.602569
13.02 35819.03897
13.04 35767.873824
13.06 35717.163018
13.08 35667.242454
13.1 35635.067959
13.12 35629.724218
13.14 35626.343053
13.16 35623.631152
13.18 35620.025894
13.2 35612.500219
13.22 35589.001919
13.24 35546.850987
13.26 35502.556607
13.28 35458.263428
13.3 35414.198225
13.32 35370.3927
13.34 35326.874343
13.36 35283.649111
13.38 35240.717742
13.4 35196.086854
13.42 35149.973802
13.44 35104.178239
13.46 35058.698053
13.48 35013.53054
13.5 34968.672959
13.52 34924.132637
13.54 34879.886534
13.56 34835.942253
13.58 34792.297139
13.6 34748.948563
13.62 34705.893916
13.64 34663.140468
13.66 34620.665768
13.68 34578.477372
13.7 34536.572806
13.72 34494.949642
13.74 34453.615377
13.76 34412.547842
13.78 34371.755189
13.8 34331.236436
13.82 34290.995971
