2.5 25781.11864
2.52 25779.568637
2.54 25778.019229
2.56 25776.480407
2.58 25774.952137
2.6 25773.434378
2.62 25771.936734
2.64 25770.439652
2.66 25768.952941
2.68 25767.476547
2.7 25766.010413
2.72 25764.554479
2.74 25763.118144
2.76 25761.682218
2.78 25760.256306
2.8 25758.84034
2.82 25757.434254
2.84 25756.03798
2.86 25754.660726
2.88 25753.283664
2.9 25751.916207
2.92 25750.558282
2.94 25749.209819
2.96 25747.880047
2.98 25746.550094
3 25745.229389
3.02 25743.917861
3.04 25742.615437
3.06 25741.322045
3.08 25740.046738
3.1 25738.771002
3.12 25737.504086
3.14 25736.245919
3.16 25734.996429
3.18 25733.755545
3.2 25732.53215
3.22 25731.30808
3.24 25730.09241
3.26 25728.885068
3.28 25727.685988
3.3 25726.504071
3.32 25725.321122
3.34 25724.146231
3.36 25722.979333
3.38 25721.820359
3.4 25720.669245
3.42 25719.53473
3.44 25718.398957
3.46 25717.27085
3.48 25716.150345
3.5 25715.037378
3.52 25713.931886
3.54 25712.842451
3.56 25711.751546
3.58 25710.667932
3.6 25709.591548
3.62 25708.522334
3.64 25707.468892
3.66 25706.413663
3.68 25705.365428
3.7 25704.324127
3.72 25703.289703
3.74 25702.262099
3.76 25701.249764
3.78 25700.235459
3.8 25699.227806
3.82 25698.22675
3.84 25697.232237
3.86 25696.24421
3.88 25695.270974
3.9 25694.295598
3.92 25693.32655
3.94 25692.36378
3.96 25691.407235
3.98 25690.465237
4 25689.520825
4.02 25688.582489
4.04 25687.650176
4.06 25686.723839
4.08 25685.803426
4.1 25684.897119
4.12 25683.988254
4.14 25683.085173
4.16 25682.187827
4.18 25681.29617
4.2 25680.418399
4.22 25679.537825
4.24 25678.662804
4.26 25677.793292
4.28 25676.929243
4.3 25676.070612
4.32 25675.22546
4.34 25674.377384
4.36 25673.5346
4.38 25672.697063
4.4 25671.864733
4.42 25671.037567
4.44 25670.223489
4.46 25669.406378
4.48 25668.594311
4.5 25667.787247
4.52 25666.985145
4.54 25666.195947
4.56 25665.403506
4.58 25664.615913
4.6 25663.833129
4.62 25663.055116
4.64 25662.281836
4.66 25661.521099
4.68 25660.757031
4.7 25659.997587
4.72 25659.242731
4.74 25658.492426
4.76 25657.746638
4.78 25657.01305
4.8 25656.276049
4.82 25655.543461
4.84 25654.815252
4.86 25654.091388
4.88 25653.379567
4.9 25652.664153
4.92 25651.952986
4.94 25651.246032
4.96 25650.54326
4.98 25649.844636
5 25649.157738
5.02 25648.467182
5.04 25647.780682
5.06 25647.098208
5.08 25646.419727
5.1 25645.74521
5.12 25645.082114
5.14 25644.415302
5.16 25643.752366
5.18 25643.093277
5.2 25642.438004
5.22 25641.794021
5.24 25641.146167
5.26 25640.502046
5.28 25639.86163
5.3 25639.224892
5.32 25638.591803
5.34 25637.969721
5.36 25637.343722
5.38 25636.721295
5.4 25636.102411
5.42 25635.487044
5.44 25634.875169
5.46 25634.274028
5.48 25633.668934
5.5 25633.067255
5.52 25632.468967
5.54 25631.874045
5.56 25631.289745
5.58 25630.701357
5.6 25630.116263
5.62 25629.534439
5.64 25628.95586
5.66 25628.380504
5.68 25627.815517
5.7 25627.246414
5.72 25626.680465
5.74 25626.117647
5.76 25625.557937
5.78 25625.008496
5.8 25624.454817
5.82 25623.904181
5.84 25623.356566
5.86 25622.81195
5.88 25622.270313
5.9 25621.738707
5.92 25621.202845
5.94 25620.669899
5.96 25620.139849
5.98 25619.612673
6 25619.088352
6.02 25618.573835
6.04 25618.055047
6.06 25617.539055
6.08 25617.025839
6.1 25616.515379
6.12 25616.014638
6.14 25615.50952
6.16 25615.007102
6.18 25614.507364
6.2 25614.010289
6.22 25613.515858
6.24 25613.030932
6.26 25612.541622
6.28 25612.054903
6.3 25611.570756
6.32 25611.089163
6.34 32339.982258
6.36 32042.874422
6.38 31766.324939
6.4 31576.781253
6.42 31400.902254
6.44 31231.411597
6.46 31068.066565
6.48 30910.634363
6.5 30784.364208
6.52 30612.675476
6.54 30471.667745
6.56 30335.732355
6.58 30204.678102
6.6 30078.322402
6.62 29956.48992
6.64 29839.05845
6.66 29725.768523
6.68 29616.516428
6.7 29511.152692
6.72 29409.533667
6.74 29311.568336
6.76 29217.026737
6.78 29125.877927
6.8 29058.373657
6.82 28999.548017
6.84 28945.9196
6.86 28897.182113
6.88 28852.983584
6.9 28813.032998
6.92 28777.033395
6.94 28744.694314
6.96 28715.727817
6.98 28689.860758
7 28666.750193
7.02 28646.041578
7.04 28627.195845
7.06 28609.016976
7.08 28586.590798
7.1 28537.873759
7.12 28470.993687
7.14 28405.004615
7.16 28342.134704
7.18 28284.074043
7.2 28226.646898
7.22 28167.464573
7.24 28109.208978
7.26 28052.509439
7.28 27997.609493
7.3 27944.866109
7.32 27895.414473
7.34 27853.900483
7.36 27831.964722
7.38 27824.855369
7.4 27821.971432
7.42 27820.380401
7.44 27819.280213
7.46 27818.407822
7.48 27817.628065
7.5 27816.850773
7.52 27815.985818
7.54 27814.904971
7.56 27793.018977
7.58 27759.580347
7.6 27727.120487
7.62 27695.608436
7.64 27665.045343
7.66 27635.335416
7.68 27606.484179
7.7 27578.463881
7.72 27551.247708
7.74 27524.809411
7.76 27499.150359
7.78 27474.181984
7.8 27449.916951
7.82 27418.103501
7.84 27384.540338
7.86 27351.700309
7.88 27319.62578
7.9 27288.253903
7.92 27257.603976
7.94 27227.663869
7.96 27198.421899
7.98 27169.896218
8 27160.541637
8.02 27154.737584
8.04 27149.154683
8.06 27143.783589
8.08 27138.615376
8.1 27133.668153
8.12 27128.878868
8.14 27124.268066
8.16 27112.425197
8.18 27108.198783
8.2 27104.128969
8.22 27100.234366
8.24 27096.456908
8.26 27092.817459
8.28 27089.310373
8.3 27085.930253
8.32 27082.697276
8.34 27079.554373
8.36 27072.464473
8.38 27069.500573
8.4 27047.162111
8.42 27025.455515
8.44 27004.52506
8.46 26984.587203
8.48 26966.286357
8.5 26950.998854
8.52 26940.560285
8.54 26934.808007
8.56 26931.74361
8.58 26929.899951
8.6 26928.655018
8.62 26927.722724
8.64 26926.962344
8.66 26926.314966
8.68 26925.686276
8.7 26925.058693
8.72 26924.392051
8.74 26923.6359
8.76 26922.713327
8.78 26921.506202
8.8 26919.698319
8.82 26916.68048
8.84 26910.848024
8.86 26898.738586
8.88 26882.189893
8.9 26865.094291
8.92 26848.082894
8.94 26831.294988
8.96 26814.761252
8.98 26798.49024
9 26782.50359
9.02 26766.756827
9.04 26751.268295
9.06 26736.033859
9.08 26721.049102
9.1 26708.804577
9.12 26704.135104
9.14 26694.263838
9.16 26680.263261
9.18 26666.479639
9.2 26652.911018
9.22 26639.574812
9.24 26626.427077
9.26 26613.487794
9.28 26600.763694
9.3 26588.509375
9.32 26586.615386
9.34 26586.591477
9.36 26586.577071
9.38 26586.56863
9.4 26586.563098
9.42 26586.559563
9.44 26586.557665
9.46 26586.563922
9.48 26586.55908
9.5 26586.555062
9.52 26586.551931
9.54 26586.549713
9.56 26586.558217
9.58 26586.552509
9.6 26586.546776
9.62 26586.540569
9.64 26586.532353
9.66 26586.512021
9.68 26578.851253
9.7 26567.640889
9.72 26556.58772
9.74 26545.690748
9.76 26534.947443
9.78 26524.355146
9.8 26513.928382
9.82 26503.629417
9.84 26493.473654
9.86 26485.312172
9.88 26484.210632
9.9 26479.464775
9.92 26469.830364
9.94 26460.326323
9.96 26450.950493
9.98 26441.700724
10 26432.574897
10.02 26423.587708
10.04 26418.10369
10.06 26417.904775
10.08 26417.710968
10.1 26417.522114
10.12 26417.33807
10.14 26417.174889
10.16 26416.999418
10.18 26416.828364
10.2 26416.6616
10.22 26416.499
10.24 26416.356706
10.26 26416.201471
10.28 26416.05007
10.3 26415.902393
10.32 26415.758337
10.34 26415.617798
10.36 26415.496394
10.38 26415.362015
10.4 26415.230882
10.42 26415.102903
10.44 26410.851798
10.46 26402.795691
10.48 26394.821791
10.5 26386.944899
10.52 26379.163511
10.54 26371.47615
10.56 26363.881366
10.58 26356.392961
10.6 26348.978519
10.62 26341.652468
10.64 26334.413462
10.66 26327.26018
10.68 26320.191324
10.7 26313.220369
10.72 26306.316025
10.74 26299.492361
10.76 26292.748171
10.78 26286.082272
10.8 26279.508321
10.82 26272.995016
10.84 26266.556584
10.86 26260.191923
10.88 26253.899953
10.9 26247.679612
10.92 26241.544227
10.94 26235.463536
10.96 26229.451407
10.98 26223.506849
11 26217.628891
11.02 26211.816577
11.04 26206.082911
11.06 26200.398612
11.08 26194.777194
11.1 26189.217766
11.12 26183.719453
11.14 26178.295389
11.16 26172.916274
11.18 26167.595738
11.2 26162.332962
11.22 26157.127141
11.24 26151.977484
11.26 26146.896807
11.28 26141.856718
11.3 26136.870504
11.32 26131.937426
11.34 26127.056756
11.36 26122.22778
11.38 26117.463007
11.4 26112.734903
11.42 26108.056425
11.44 26103.426905
11.46 26098.845685
11.48 26094.325375
11.5 26089.838422
11.52 26085.397867
11.54 26081.003096
11.56 26076.653503
11.58 26072.348494
11.6 26068.100375
11.62 26063.882394
11.64 26059.707271
11.66 26055.57445
11.68 26051.48338
11.7 26047.433522
11.72 26043.43689
11.74 26039.467489
11.76 26035.537734
11.78 26031.647115
11.8 26027.795134
11.82 26023.993882
11.84 26020.217343
11.86 26016.477992
11.88 26012.775363
11.9 26009.108992
11.92 26005.478425
11.94 26001.895471
11.96 25998.334824
11.98 25994.808665
12 25991.316565
12.02 25987.858105
12.04 25984.432871
12.06 25981.052401
12.08 25977.692066
12.1 25974.363759
12.12 25971.067093
12.14 25967.801685
12.16 25964.579137
12.18 25961.374794
12.2 25958.200606
12.22 25955.056215
12.24 25951.941267
12.26 25948.855419
12.28 25945.810008
12.3 25942.781026
12.32 25939.780146
12.34 25936.807045
12.36 25933.861409
12.38 25930.954633
12.4 25928.062692
12.42 25925.197311
12.44 25922.358201
12.46 25919.545077
12.48 25916.757667
12.5 25914.007123
12.52 25911.270045
12.54 25908.55791
12.56 25905.87048
12.58 25903.207529
12.6 25900.568844
12.62 25897.965376
12.64 25895.374362
12.66 25892.807088
12.68 25890.263423
12.7 25887.743274
12.72 25885.257754
12.74 25882.78425
12.76 25880.334292
12.78 25877.908049
12.8 25875.505824
12.82 25873.128102
12.84 25870.78651
12.86 25868.460125
12.88 25866.161789
12.9 25863.894025
12.92 25861.660649
12.94 25859.467445
12.96 25857.333599
12.98 25855.250145
13 25853.243197
13.02 25851.32585
13.04 25849.49874
13.06 25847.753975
13.08 25846.0422
13.1 25844.347256
13.12 25842.651432
13.14 25840.94526
13.16 25839.224862
13.18 25837.499695
13.2 25835.750612
13.22 25833.989803
13.24 25832.219572
13.26 25830.442263
13.28 25828.660111
13.3 25826.885193
13.32 25825.099114
13.34 25823.313728
13.36 25821.530476
13.38 25819.750617
13.4 25817.985352
13.42 25816.215202
13.44 25814.451303
13.46 25812.694363
13.48 25810.944988
13.5 25809.203702
13.52 25807.480903
13.54 25805.756857
13.56 25804.042058
13.58 25802.336785
13.6 25800.641271
13.62 25798.955715
13.64 25797.290055
13.66 25795.624661
13.68 25793.969639
13.7 25792.325075
13.72 25790.69104
13.74 25789.077393
13.76 25787.464339
13.78 25785.86193
13.8 25784.270177
13.82 25782.689083
