2.5 25903.287037
2.52 25901.086197
2.54 25898.892223
2.56 25896.715045
2.58 25894.554556
2.6 25892.410656
2.62 25890.292928
2.64 25888.181758
2.66 25886.086978
2.68 25884.008562
2.7 25881.946512
2.72 25879.900872
2.74 25877.881196
2.76 25875.868507
2.78 25873.872722
2.8 25871.894205
2.82 25869.933486
2.84 25867.991328
2.86 25866.078085
2.88 25864.176655
2.9 25862.298833
2.92 25860.448066
2.94 25858.629421
2.96 25856.859346
2.98 25855.129197
3 25853.45964
3.02 25851.859106
3.04 25850.32633
3.06 25848.847428
3.08 25847.410279
3.1 25845.978334
3.12 25844.547017
3.14 25843.108631
3.16 25841.659534
3.18 25840.198608
3.2 25838.734825
3.22 25837.251901
3.24 25835.76006
3.26 25834.260914
3.28 25832.756068
3.3 25831.255799
3.32 25829.743882
3.34 25828.23049
3.36 25826.716777
3.38 25825.203774
3.4 25823.692396
3.42 25822.192125
3.44 25820.686163
3.46 25819.183965
3.48 25817.686078
3.5 25816.192982
3.52 25814.705098
3.54 25813.231356
3.56 25811.754788
3.58 25810.284398
3.6 25808.82043
3.62 25807.363094
3.64 25805.921173
3.66 25804.477465
3.68 25803.040866
3.7 25801.611494
3.72 25800.189448
3.74 25798.774811
3.76 25797.376115
3.78 25795.976331
3.8 25794.58413
3.82 25793.199549
3.84 25791.822617
3.86 25790.453354
3.88 25789.100098
3.9 25787.746047
3.92 25786.399687
3.94 25785.061015
3.96 25783.730024
3.98 25782.415047
4 25781.099217
4.02 25779.791023
4.04 25778.49044
4.06 25777.197446
4.08 25775.912014
4.1 25774.64232
4.12 25773.371765
4.14 25772.108679
4.16 25770.853029
4.18 25769.604778
4.2 25768.372116
4.22 25767.138399
4.24 25765.91197
4.26 25764.692788
4.28 25763.480814
4.3 25762.276006
4.32 25761.08641
4.34 25759.895657
4.36 25758.711945
4.38 25757.535229
4.4 25756.365468
4.42 25755.202617
4.44 25754.054588
4.46 25752.905278
4.48 25751.762748
4.5 25750.626952
4.52 25749.497848
4.54 25748.38336
4.56 25747.267357
4.58 25746.157914
4.6 25745.054985
4.62 25743.958527
4.64 25742.868494
4.66 25741.792684
4.68 25740.715228
4.7 25739.644068
4.72 25738.579161
4.74 25737.520461
4.76 25736.467927
4.78 25735.429227
4.8 25734.388754
4.82 25733.354319
4.84 25732.325879
4.86 25731.303392
4.88 25730.294542
4.9 25729.283697
4.92 25728.27868
4.94 25727.279452
4.96 25726.28597
4.98 25725.298193
5 25724.323684
5.02 25723.347062
5.04 25722.376027
5.06 25721.410538
5.08 25720.450555
5.1 25719.49604
5.12 25718.554437
5.14 25717.610608
5.16 25716.672133
5.18 25715.738973
5.2 25714.811089
5.22 25713.895941
5.24 25712.978368
5.26 25712.065962
5.28 25711.158685
5.3 25710.256501
5.32 25709.359374
5.34 25708.474648
5.36 25707.587399
5.38 25706.705102
5.4 25705.82772
5.42 25704.95522
5.44 25704.087566
5.46 25703.231991
5.48 25702.373803
5.5 25701.52036
5.52 25700.67163
5.54 25699.827579
5.56 25698.995452
5.58 25698.160536
5.6 25697.330202
5.62 25696.504417
5.64 25695.68315
5.66 25694.86637
5.68 25694.061212
5.7 25693.253188
5.72 25692.449558
5.74 25691.65029
5.76 25690.855355
5.78 25690.071903
5.8 25689.285422
5.82 25688.503186
5.84 25687.725163
5.86 25686.951325
5.88 25686.181643
5.9 25685.423161
5.92 25684.661587
5.94 25683.904084
5.96 25683.150624
5.98 25682.40118
6 25681.655723
6.02 25680.921195
6.04 25680.183517
6.06 25679.449745
6.08 25678.719854
6.1 25677.993816
6.12 25677.278586
6.14 25676.560064
6.16 25675.845318
6.18 25675.134322
6.2 25674.427052
6.22 25673.723481
6.24 25673.030464
6.26 25672.334107
6.28 25671.641376
6.3 25670.952246
6.32 25670.266694
6.34 33961.702677
6.36 33711.384595
6.38 33469.912528
6.4 33237.066982
6.42 33012.477945
6.44 32796.518601
6.46 32666.708893
6.48 32509.32876
6.5 32270.398122
6.52 32047.653125
6.54 31842.337572
6.56 31654.692938
6.58 31480.485887
6.6 31314.944349
6.62 31156.051028
6.64 31003.116123
6.66 30882.332085
6.68 30882.169216
6.7 30849.147675
6.72 30721.673435
6.74 30601.771001
6.76 30474.438799
6.78 30348.519839
6.8 30227.641334
6.82 30111.590993
6.84 30000.165535
6.86 29893.212937
6.88 29790.457156
6.9 29691.766662
6.92 29596.970348
6.94 29505.904523
6.96 29418.412749
6.98 29334.384669
7 29253.595786
7.02 29184.195419
7.04 29109.489937
7.06 29037.67603
7.08 28968.673538
7.1 28902.285287
7.12 28838.444266
7.14 28777.044755
7.16 28717.985347
7.18 28661.168472
7.2 28606.45271
7.22 28552.145973
7.24 28503.307001
7.26 28454.573361
7.28 28407.658432
7.3 28362.487923
7.32 28319.024494
7.34 28277.130011
7.36 28236.776067
7.38 28209.137213
7.4 28171.579383
7.42 28135.41897
7.44 28100.530791
7.46 28066.899375
7.48 28034.474682
7.5 28003.208762
7.52 27973.055672
7.54 27944.00305
7.56 27915.94297
7.58 27878.571538
7.6 27852.531502
7.62 27827.397534
7.64 27803.170571
7.66 27779.749899
7.68 27757.136116
7.7 27735.297939
7.72 27714.205414
7.74 27693.829821
7.76 27674.17348
7.78 27655.148221
7.8 27636.760757
7.82 27618.986826
7.84 27601.80317
7.86 27585.187491
7.88 27569.146451
7.9 27553.601568
7.92 27538.563183
7.94 27524.012419
7.96 27509.931164
7.98 27496.330273
8 27483.791889
8.02 27479.037054
8.04 27466.603189
8.06 27454.559566
8.08 27442.891399
8.1 27423.178911
8.12 27409.93893
8.14 27396.629182
8.16 27386.429751
8.18 27376.542515
8.2 27366.956361
8.22 27357.685807
8.24 27348.668726
8.26 27339.922043
8.28 27331.436297
8.3 27323.202393
8.32 27315.236926
8.34 27307.479356
8.36 27299.948459
8.38 27292.636464
8.4 27278.050938
8.42 27262.826826
8.44 27247.97622
8.46 27233.440169
8.48 27219.234881
8.5 27205.3514
8.52 27191.781044
8.54 27178.51539
8.56 27165.569128
8.58 27152.887374
8.6 27140.486601
8.62 27128.359346
8.64 27116.498277
8.66 27096.975212
8.68 27075.78707
8.7 27054.980599
8.72 27043.139132
8.74 27035.87998
8.76 27033.791725
8.78 27032.341016
8.8 27030.436381
8.82 27026.05938
8.84 27024.743956
8.86 27023.470476
8.88 27022.237403
8.9 27021.064183
8.92 27019.9065
8.94 27018.78501
8.96 27017.698407
8.98 27016.645438
9 27015.645935
9.02 27014.655647
9.04 27013.69556
9.06 27012.764606
9.08 27006.882037
9.1 26989.221424
9.12 26971.889432
9.14 26954.867505
9.16 26938.253412
9.18 26922.407961
9.2 26908.922732
9.22 26896.850281
9.24 26883.582245
9.26 26869.502431
9.28 26855.091638
9.3 26840.603336
9.32 26831.818583
9.34 26826.042614
9.36 26820.356089
9.38 26814.775702
9.4 26809.298864
9.42 26803.923161
9.44 26798.646272
9.46 26793.48457
9.48 26788.397799
9.5 26783.403304
9.52 26778.499013
9.54 26773.682911
9.56 26768.97174
9.58 26764.325378
9.6 26759.761495
9.62 26755.278278
9.64 26750.873957
9.66 26746.546813
9.68 26742.313159
9.7 26738.134625
9.72 26734.028384
9.74 26729.992886
9.76 26726.026609
9.78 26722.128074
9.8 26718.313148
9.82 26714.544981
9.84 26707.654238
9.86 26695.747845
9.88 26684.002454
9.9 26672.432713
9.92 26661.000839
9.94 26649.722213
9.96 26638.594288
9.98 26627.614577
10 26616.780669
10.02 26606.106921
10.04 26595.558174
10.06 26586.54116
10.08 26586.399388
10.1 26579.633053
10.12 26569.653851
10.14 26559.784943
10.16 26553.666097
10.18 26551.943938
10.2 26550.251293
10.22 26548.58683
10.24 26546.966156
10.26 26545.35555
10.28 26543.77134
10.3 26542.212984
10.32 26540.679953
10.34 26539.171731
10.36 26537.703534
10.38 26536.242855
10.4 26534.80553
10.42 26533.391092
10.44 26531.999084
10.46 26530.644832
10.48 26529.295788
10.5 26527.96788
10.52 26526.660692
10.54 26525.373813
10.56 26524.106835
10.58 26522.874566
10.6 26517.749223
10.62 26509.129267
10.64 26500.610335
10.66 26492.190959
10.68 26483.869662
10.7 26475.659691
10.72 26467.52966
10.74 26459.493423
10.76 26451.551193
10.78 26451.051992
10.8 26449.87791
10.82 26442.178701
10.84 26434.566259
10.86 26427.039437
10.88 26419.59702
10.9 26412.823161
10.92 26412.764404
10.94 26412.69242
10.96 26412.622018
10.98 26412.553158
11 26412.485799
11.02 26412.419907
11.04 26412.369398
11.06 26412.305867
11.08 26412.243706
11.1 26412.182881
11.12 26412.12336
11.14 26412.079112
11.16 26412.021653
11.18 26411.965415
11.2 26411.910368
11.22 26411.856485
11.24 26411.803736
11.26 26411.765693
11.28 26411.714702
11.3 26408.330343
11.32 26401.539741
11.34 26394.819703
11.36 26388.169287
11.38 26381.600741
11.4 26375.086373
11.42 26368.638898
11.44 26362.257434
11.46 26355.941111
11.48 26349.702309
11.5 26343.513299
11.52 26337.386911
11.54 26331.32233
11.56 26325.318754
11.58 26319.375393
11.6 26313.504342
11.62 26307.678688
11.64 26301.910959
11.66 26296.200412
11.68 26290.546319
11.7 26284.947959
11.72 26279.417156
11.74 26273.927768
11.76 26268.49203
11.78 26263.109266
11.8 26257.778813
11.82 26252.512592
11.84 26247.28443
11.86 26242.106649
11.88 26236.978623
11.9 26231.899738
11.92 26226.869386
11.94 26221.899222
11.96 26216.963794
11.98 26212.075139
12 26207.232685
12.02 26202.435869
12.04 26197.684138
12.06 26192.988883
12.08 26188.325342
12.1 26183.705274
12.12 26179.128156
12.14 26174.593473
12.16 26170.112695
12.18 26165.661028
12.2 26161.250298
12.22 26156.880019
12.24 26152.549711
12.26 26148.258904
12.28 26144.018812
12.3 26139.805289
12.32 26135.629894
12.34 26131.492181
12.36 26127.391711
12.38 26123.339764
12.4 26119.312169
12.42 26115.320541
12.44 26111.364464
12.46 26107.443531
12.48 26103.557337
12.5 26099.716917
12.52 26095.898712
12.54 26092.114076
12.56 26088.362627
12.58 26084.643991
12.6 26080.957797
12.62 26077.31484
12.64 26073.692145
12.66 26070.100817
12.68 26066.540503
12.7 26063.010859
12.72 26059.522732
12.74 26056.05312
12.76 26052.613173
12.78 26049.202564
12.8 26045.820969
12.82 26042.468069
12.84 26039.15448
12.86 26035.857755
12.88 26032.588799
12.9 26029.347311
12.92 26026.132992
12.94 26022.945549
12.96 26019.795372
12.98 26016.660545
13 26013.551738
13.02 26010.468675
13.04 26007.411078
13.06 26004.389383
13.08 26001.381647
13.1 25998.398579
13.12 25995.439918
13.14 25992.505408
13.16 25989.594794
13.18 25986.718294
13.2 25983.85447
13.22 25981.013804
13.24 25978.196057
13.26 25975.40099
13.28 25972.62837
13.3 25969.888206
13.32 25967.159542
13.34 25964.452645
13.36 25961.767292
13.38 25959.103264
13.4 25956.47061
13.42 25953.848347
13.44 25951.246775
13.46 25948.665686
13.48 25946.104878
13.5 25943.564148
13.52 25941.053343
13.54 25938.551945
13.56 25936.070043
13.58 25933.60745
13.6 25931.163978
13.62 25928.739444
13.64 25926.343503
13.66 25923.956083
13.68 25921.587075
13.7 25919.236309
13.72 25916.903619
13.74 25914.598696
13.76 25912.30145
13.78 25910.021809
13.8 25907.759622
13.82 25905.514744
